# t  Nu
0.000000e+00 9.759353111954208737e-01
1.000000e-06 1.008765414154370266e+00
2.000000e-06 9.958267486601484197e-01
3.000000e-06 9.840183982114879546e-01
4.000000e-06 9.843824718690307174e-01
6.000000e-06 9.931652021793362373e-01
1.000000e-05 9.881821424666892284e-01
1.800000e-05 1.010507248819225490e+00
6.600000e-05 1.005134524053388434e+00
1.300000e-04 1.024569603604480683e+00
2.580000e-04 1.000094992116294712e+00
5.140000e-04 9.875743823737613836e-01
1.026000e-03 1.023710694690091350e+00
2.050000e-03 9.903899431066969239e-01
4.098000e-03 9.966964075443166537e-01
2.688400e-02 1.005041297603261663e+00
4.645800e-02 1.007241295660468161e+00
5.587800e-02 9.921882338856250483e-01
6.511600e-02 1.011667287628344791e+00
7.425800e-02 9.977267144310151270e-01
9.239600e-02 1.008345749770075406e+00
1.103790e-01 1.000002946755323086e+00
1.193240e-01 9.957398418404940221e-01
1.282490e-01 1.004694590504374041e+00
1.371620e-01 9.983302938807591120e-01
1.460740e-01 1.010117189712675501e+00
1.549960e-01 9.862948437709531113e-01
1.639420e-01 9.965306876093413813e-01
1.729230e-01 1.011063265735923977e+00
1.910460e-01 1.008013478909082661e+00
2.094800e-01 9.849378163922406504e-01
2.188510e-01 1.007892399548727003e+00
2.379840e-01 1.008183619491965999e+00
2.477780e-01 1.006522001168476121e+00
2.577470e-01 9.860942088931294869e-01
2.679090e-01 9.954716824346312443e-01
2.888780e-01 9.996847236157148098e-01
2.997200e-01 9.779732871379508419e-01
3.108210e-01 1.008143188410474567e+00
3.935220e-01 9.969154112423286307e-01
4.068600e-01 1.000423363942184452e+00
4.356020e-01 9.980177521601850676e-01
4.508700e-01 9.953899310204158413e-01
4.667010e-01 9.910701876586229808e-01
4.831260e-01 1.003147381688524797e+00
5.001800e-01 9.891729108770410672e-01
5.363300e-01 9.812290905951617237e-01
5.555060e-01 9.862314899813716673e-01
5.754680e-01 9.841848365108856189e-01
5.962570e-01 9.933148343846411876e-01
6.404700e-01 9.936189070693840497e-01
6.639550e-01 9.938827496884824475e-01
6.883760e-01 9.880974337940879870e-01
7.137090e-01 9.895756279021322710e-01
8.212130e-01 9.914676663674161228e-01
8.478930e-01 9.870980300170441035e-01
8.733760e-01 9.896206259731128441e-01
8.942630e-01 9.789946768205883831e-01
9.120030e-01 9.845756494756511268e-01
9.300860e-01 9.990642782223655427e-01
9.488340e-01 9.758567648411010653e-01
9.708040e-01 9.825946893573100915e-01
1.020497e+00 9.761365343318346710e-01
1.041084e+00 9.742683230653684801e-01
1.061551e+00 9.811323826552766914e-01
1.085796e+00 9.644505270936359898e-01
1.113793e+00 9.728451432377744901e-01
1.144569e+00 9.883364271845032079e-01
1.177317e+00 9.638044405633857670e-01
1.211487e+00 9.642097320243271374e-01
1.246786e+00 9.688178365280222248e-01
1.283046e+00 9.812689078107470486e-01
1.320109e+00 9.807702791441840207e-01
1.357770e+00 9.733195424903994253e-01
1.395734e+00 9.641758776313461565e-01
1.433574e+00 9.627408122082981023e-01
1.470681e+00 9.605371450158640689e-01
1.506221e+00 9.611138735139292955e-01
1.534970e+00 9.710663555702357952e-01
1.558822e+00 9.732810583632025558e-01
1.583380e+00 9.781853821821925310e-01
1.643205e+00 9.753933374948555723e-01
1.681158e+00 9.602122331455011928e-01
1.723058e+00 9.665218057408819785e-01
1.767943e+00 9.488922278391859200e-01
1.815063e+00 9.553450235322324957e-01
1.863864e+00 9.625447788695473683e-01
1.913936e+00 9.615978777906221131e-01
1.964892e+00 9.753974606023616545e-01
2.016258e+00 9.550041831120706926e-01
2.067317e+00 9.290183074195720314e-01
2.117549e+00 9.742017905003228506e-01
2.166739e+00 9.442999876575115525e-01
2.214056e+00 9.556194978144954000e-01
2.253507e+00 9.500479080515347174e-01
2.286985e+00 9.550304518177805679e-01
2.321132e+00 9.501344840551887438e-01
2.355905e+00 9.586905647048269419e-01
2.397432e+00 9.454939152285563031e-01
2.444912e+00 9.423344205155651521e-01
2.495000e+00 9.597777456293203890e-01
2.544410e+00 9.449607921245952724e-01
2.589641e+00 9.374796870427865025e-01
2.637152e+00 9.396680056250573676e-01
2.688476e+00 9.418069348299806798e-01
2.741869e+00 9.452106955069551342e-01
2.842862e+00 9.323160515374382395e-01
2.889310e+00 9.407450352275669170e-01
2.942153e+00 9.339035400445079294e-01
2.993266e+00 9.501897923036940474e-01
3.046332e+00 9.374466108724802682e-01
3.092115e+00 9.387747218847839470e-01
3.138453e+00 9.389207332328889377e-01
3.181233e+00 9.597204030012389531e-01
3.232432e+00 9.297307233417018146e-01
3.292660e+00 9.586496037251549529e-01
3.359323e+00 9.291333506088546024e-01
3.505529e+00 9.383621997585976926e-01
3.582070e+00 9.257343007235282473e-01
3.659357e+00 9.201108196911405024e-01
3.811462e+00 9.134632333577517027e-01
3.883258e+00 9.331689206327975494e-01
3.939571e+00 9.224623749839216957e-01
3.990972e+00 9.258194032354868375e-01
4.041641e+00 9.410310419198720799e-01
4.092629e+00 9.291388403563964893e-01
4.154567e+00 9.338436377245749043e-01
4.225878e+00 9.272319738335880190e-01
4.303539e+00 9.175035857703947029e-01
4.387993e+00 9.215424626786629103e-01
4.476016e+00 9.171515827025649159e-01
4.565125e+00 9.146416501128761256e-01
4.653663e+00 9.156118738429035453e-01
4.821702e+00 9.115122310363162894e-01
4.885391e+00 9.094573648983254044e-01
4.950113e+00 8.973675520905169956e-01
5.070034e+00 9.177959087537223004e-01
5.131077e+00 9.194339740331480826e-01
5.294137e+00 8.950715715369705894e-01
5.490944e+00 9.051089752618759476e-01
5.594257e+00 9.271115897981295761e-01
5.697881e+00 9.119739505063182428e-01
5.800411e+00 9.117794278292075116e-01
5.898991e+00 9.185716103052975479e-01
5.978518e+00 9.084485395893819870e-01
6.049031e+00 9.118904842421541312e-01
6.116028e+00 9.122197583997818660e-01
6.194388e+00 9.056432756239545245e-01
6.265231e+00 8.980305589722228365e-01
6.351129e+00 8.963334879950554113e-01
6.452433e+00 8.864406944685386813e-01
6.560058e+00 9.005152708378554305e-01
6.668628e+00 9.260825074494789533e-01
6.758293e+00 9.017691650574475304e-01
6.845817e+00 8.902615962310997944e-01
7.092467e+00 9.063471890746834791e-01
7.183767e+00 8.790313434451501040e-01
7.268467e+00 9.111572164869827795e-01
7.364758e+00 8.877409619421909870e-01
7.457920e+00 9.122412852390091587e-01
7.550709e+00 8.912641249873741733e-01
7.661541e+00 8.823594801355505446e-01
7.784605e+00 8.949621742842028826e-01
7.912968e+00 8.855540915963007187e-01
8.042542e+00 8.916311428617007540e-01
8.168645e+00 8.922611492576035808e-01
8.268943e+00 8.843239633039194914e-01
8.370677e+00 8.787034000154173574e-01
8.463694e+00 8.853170849550262567e-01
8.571543e+00 8.789381206037896188e-01
8.662398e+00 8.825163398414788141e-01
8.758986e+00 8.838574684547036986e-01
8.869140e+00 8.910811541748968612e-01
8.998073e+00 8.889673947498222262e-01
9.137578e+00 8.830049155510680814e-01
9.278606e+00 8.967030402594339256e-01
9.414482e+00 8.802776776440277562e-01
9.520471e+00 8.820919205661799101e-01
9.622665e+00 8.817402419476976227e-01
9.844548e+00 8.706281585364135100e-01
1.007869e+01 8.665382111022195133e-01
1.019090e+01 8.598619762840616909e-01
1.032473e+01 8.833431842136411083e-01
1.047242e+01 8.598806443700813817e-01
1.062392e+01 8.682777975584369257e-01
1.077284e+01 8.645084161949040391e-01
1.089207e+01 8.632844229690520566e-01
1.101308e+01 8.504758645961117969e-01
1.114137e+01 8.767909673580337460e-01
1.127554e+01 8.697335399553884905e-01
1.138332e+01 8.500412027703606599e-01
1.159843e+01 8.882172068734331960e-01
1.172936e+01 8.719820780866693877e-01
1.187534e+01 8.633970902883769671e-01
1.202016e+01 8.683851151226322784e-01
1.217122e+01 8.603068604451641344e-01
1.231344e+01 8.640060422060920065e-01
1.244450e+01 8.681353509911479138e-01
1.258726e+01 8.719197471506063835e-01
1.273860e+01 8.541142262151392162e-01
1.288784e+01 8.616595545742622431e-01
1.302220e+01 8.443966984807104170e-01
1.314389e+01 8.694028362771616392e-01
1.328669e+01 8.551466105236457116e-01
1.344086e+01 8.651824105066643344e-01
1.359686e+01 8.617749474817330002e-01
1.389630e+01 8.571522319728970274e-01
1.419132e+01 8.397293698432600761e-01
1.434468e+01 8.391620769952178316e-01
1.449762e+01 8.572370165942523323e-01
1.463707e+01 8.585631475945959545e-01
1.477709e+01 8.518726174080519797e-01
1.492188e+01 8.614745128401535279e-01
1.507363e+01 8.540496336830103452e-01
1.523212e+01 8.453506242702633067e-01
1.554942e+01 8.452086813743119320e-01
1.571796e+01 8.489912635388267015e-01
1.589443e+01 8.432911625864051297e-01
1.619430e+01 8.525196108357566693e-01
1.634052e+01 8.418937486271299564e-01
1.650626e+01 8.445227473086400760e-01
1.665875e+01 8.424915220824177320e-01
1.702499e+01 8.444860981647923648e-01
1.719887e+01 8.530472306848329023e-01
1.759993e+01 8.309242311902224065e-01
1.780665e+01 8.558317349039245014e-01
1.797217e+01 8.538665453596261390e-01
1.812720e+01 8.252321323220148663e-01
1.830103e+01 8.325341977375881886e-01
1.848262e+01 8.262249381373814039e-01
1.866219e+01 8.300983379281435814e-01
1.906568e+01 8.285469065926310828e-01
1.928894e+01 8.469512249195731979e-01
1.952004e+01 8.446441879559792865e-01
1.971908e+01 8.447671985600664346e-01
1.992074e+01 8.202053403258482422e-01
2.011868e+01 8.283093179892251356e-01
2.030771e+01 8.182793928621626689e-01
2.049992e+01 8.325966321419264737e-01
2.068661e+01 8.312717949543156903e-01
2.089656e+01 8.423127723080016116e-01
2.113528e+01 8.313734089692051965e-01
2.138787e+01 8.302687212342171330e-01
2.163729e+01 8.404198583899645802e-01
2.184016e+01 8.263595856622457658e-01
2.203448e+01 8.216384151154179083e-01
2.226267e+01 8.475261922906869305e-01
2.246410e+01 8.259221809294674532e-01
2.266912e+01 8.326988717794607808e-01
2.286750e+01 8.444303226521804318e-01
2.309662e+01 8.209666567461820774e-01
2.335668e+01 8.242890431483997915e-01
2.362638e+01 8.229311481836311115e-01
2.383766e+01 8.102606304844945928e-01
2.429697e+01 8.304859662207141335e-01
2.454702e+01 8.274171747765084461e-01
2.477351e+01 8.350794615078704908e-01
2.498718e+01 8.134736152380082075e-01
2.521945e+01 8.312624987359624740e-01
2.571191e+01 8.428788477843318638e-01
2.598984e+01 8.231232891389265172e-01
2.624286e+01 8.243617697495922991e-01
2.649461e+01 8.338506304139052805e-01
2.676519e+01 8.163732448408876907e-01
2.702507e+01 8.076367783824965896e-01
2.727673e+01 8.150037237789401479e-01
2.750553e+01 8.293698165314270510e-01
2.798845e+01 8.154880990576455213e-01
2.825368e+01 8.316303374052139707e-01
2.852820e+01 8.278912997228357051e-01
2.878477e+01 8.119907531921651822e-01
2.906691e+01 8.094362071035089423e-01
2.935023e+01 8.150360045486553240e-01
2.963345e+01 8.209999424948228874e-01
2.989639e+01 8.149257345907583439e-01
3.015972e+01 8.280985694997894386e-01
3.042422e+01 8.074224153167631757e-01
3.119439e+01 8.205154845881814651e-01
3.148042e+01 8.136227675679711391e-01
3.177871e+01 8.203830208746548669e-01
3.207911e+01 8.250489191998063854e-01
3.233496e+01 8.291557525527752937e-01
3.259470e+01 8.148943681322180499e-01
3.287265e+01 8.008180465338150533e-01
3.337665e+01 8.315604688472804096e-01
3.363613e+01 8.168064266561426701e-01
3.391098e+01 8.177442942422031846e-01
3.421246e+01 8.270213322363634267e-01
3.452056e+01 8.073579357623521524e-01
3.483811e+01 8.076022351268928867e-01
3.511008e+01 8.122214307930367694e-01
3.538164e+01 8.060900973614684162e-01
3.567558e+01 8.117290839916413425e-01
3.595504e+01 8.110111338765146893e-01
3.623255e+01 8.169851822203074709e-01
3.651042e+01 8.119355545914612726e-01
3.681285e+01 8.228003817523114050e-01
3.712683e+01 8.159258930827085754e-01
3.744294e+01 8.065948645960999697e-01
3.774333e+01 8.275639832920704819e-01
3.802665e+01 8.168987225591894941e-01
3.831602e+01 8.141832570417841808e-01
3.859697e+01 8.217346975090674688e-01
3.887735e+01 8.142261246860760249e-01
3.917403e+01 8.106184762627641760e-01
3.949007e+01 8.105295189663038746e-01
3.981346e+01 8.131759585550140113e-01
4.013613e+01 8.048868977918431922e-01
4.043944e+01 8.099239005872767017e-01
4.072679e+01 8.054328697807188187e-01
4.103315e+01 8.061515083755617095e-01
4.133163e+01 8.115379684413676076e-01
4.163475e+01 8.048290379636008351e-01
4.195474e+01 8.019161781549921653e-01
4.227028e+01 8.207044039633081267e-01
4.258933e+01 8.138338445897694839e-01
4.291145e+01 8.130807535750315118e-01
4.323153e+01 8.284474115675166672e-01
4.356111e+01 8.146129705379677732e-01
4.390220e+01 8.158358807996622941e-01
4.424921e+01 8.139792825140883537e-01
4.461753e+01 8.033909973966890661e-01
4.500827e+01 8.073324359230685809e-01
4.542015e+01 8.232776887796336984e-01
4.585065e+01 8.171839280717426712e-01
4.675652e+01 8.291598801810825536e-01
4.722778e+01 8.188970625275946436e-01
4.770909e+01 8.222835664633396657e-01
4.819909e+01 8.146636952511134844e-01
4.869652e+01 8.139366348593157774e-01
4.920027e+01 8.178729430500861763e-01
4.970934e+01 8.240889367497270523e-01
5.073996e+01 8.222116825010317154e-01
5.126009e+01 8.223093134155534667e-01
5.178265e+01 8.192843790083653710e-01
5.230716e+01 8.159805391608959679e-01
5.283324e+01 8.344978738441116706e-01
5.336057e+01 8.236596727826380748e-01
5.388889e+01 8.179131570020166109e-01
5.441800e+01 8.251164288717391937e-01
5.494774e+01 8.397614806042150715e-01
5.547799e+01 8.245487956359761617e-01
5.600868e+01 8.139544279506567559e-01
5.653974e+01 8.240968308792766539e-01
5.707115e+01 8.271702217166961857e-01
5.866742e+01 8.303650497584006418e-01
5.920026e+01 8.377525642950826024e-01
5.973354e+01 8.172669454781940068e-01
6.026731e+01 8.226499068756707445e-01
6.080163e+01 8.325465164048807543e-01
6.133656e+01 8.278802517704512143e-01
6.187218e+01 8.303628147322870134e-01
6.240855e+01 8.480395218498840704e-01
6.294576e+01 8.318878756972563071e-01
6.348387e+01 8.313396644165901295e-01
6.402297e+01 8.233157465503754269e-01
6.456314e+01 8.361989576665149748e-01
6.510444e+01 8.353604323596985903e-01
6.564696e+01 8.297412602997592534e-01
6.619076e+01 8.451133965955298644e-01
6.673591e+01 8.498802837530127219e-01
6.728248e+01 8.453126364419184524e-01
6.838008e+01 8.338263843136179965e-01
6.893120e+01 8.394657208645226465e-01
7.003823e+01 8.465704396501321227e-01
7.059417e+01 8.288389730965586288e-01
7.115173e+01 8.523650690486279657e-01
7.171090e+01 8.517330173245103442e-01
7.227163e+01 8.401853845300684132e-01
7.283387e+01 8.421761599492009198e-01
7.339757e+01 8.435465066362001219e-01
7.452900e+01 8.497163116360328949e-01
7.509651e+01 8.516066433509915656e-01
7.566505e+01 8.459474326138350930e-01
7.623449e+01 8.504036315250518285e-01
7.680467e+01 8.460220014266864874e-01
7.737543e+01 8.536704023790168128e-01
7.794659e+01 8.577797809630161030e-01
7.851799e+01 8.528025086422085232e-01
7.908944e+01 8.512049072214341594e-01
7.966079e+01 8.748977291432544767e-01
8.023185e+01 8.573346047049833496e-01
8.080248e+01 8.526708205142855546e-01
8.137252e+01 8.545468779919314084e-01
8.194183e+01 8.591596408277852870e-01
8.251031e+01 8.734154528190837263e-01
8.307783e+01 8.479246248618378390e-01
8.364431e+01 8.676693302537441532e-01
8.420968e+01 8.513961183639225938e-01
8.477387e+01 8.689863076268978803e-01
8.533686e+01 8.749413334776396933e-01
8.589862e+01 8.716484002456706959e-01
8.645914e+01 8.686999618197013273e-01
8.701842e+01 8.815776009196550911e-01
8.757649e+01 8.777274955254262823e-01
8.813336e+01 8.682583183640011359e-01
8.868910e+01 8.685410436343595775e-01
8.924374e+01 8.734842182715668590e-01
9.034998e+01 8.809011704977157686e-01
9.090173e+01 8.640008136956662810e-01
9.145265e+01 8.572127934228127577e-01
9.200284e+01 8.744778120510853237e-01
9.255239e+01 8.713404867640196505e-01
9.310137e+01 8.760133351354273401e-01
9.364990e+01 8.889705459888931349e-01
9.419806e+01 8.770933129493231339e-01
9.474596e+01 8.758399201482274243e-01
9.529368e+01 8.784515108589795451e-01
9.584134e+01 8.695749986869510950e-01
9.638904e+01 8.896005724157325378e-01
9.693687e+01 8.792494825665317926e-01
9.748495e+01 8.658557023382399409e-01
9.803337e+01 8.737926891831596654e-01
9.858224e+01 8.885101854020198697e-01
9.913168e+01 8.731425515259695347e-01
9.968177e+01 8.879837923602408312e-01
1.002326e+02 8.994313323899796320e-01
1.007844e+02 8.743245673103412496e-01
1.013371e+02 8.950145323515518170e-01
1.018909e+02 8.811617860677927183e-01
1.024459e+02 8.775371955373942878e-01
1.035600e+02 8.905570982189181528e-01
1.041192e+02 8.819915918279893630e-01
1.052428e+02 8.763359834861935704e-01
1.063737e+02 8.959123128636476974e-01
1.069423e+02 8.906929921265903660e-01
1.075130e+02 8.928312618973465176e-01
1.080861e+02 8.784312693961006113e-01
1.098203e+02 8.969914360464260605e-01
1.104038e+02 8.829631028253760450e-01
1.109903e+02 8.947572009771130874e-01
1.115797e+02 8.798133417360121111e-01
1.121724e+02 8.918482091594349681e-01
1.127683e+02 8.991434859434129789e-01
1.133676e+02 8.816764695192051970e-01
1.139705e+02 8.690540831083578555e-01
1.145771e+02 8.841757019616741653e-01
1.151876e+02 9.011666880404356483e-01
1.164205e+02 8.939020830430266518e-01
1.170432e+02 8.955581610979747031e-01
1.176704e+02 8.857511527530615991e-01
1.183020e+02 8.898324098970222806e-01
1.189384e+02 9.012153596151579737e-01
1.195796e+02 9.011574402098503356e-01
1.202259e+02 8.862548923161763792e-01
1.208772e+02 8.961422111449719452e-01
1.215339e+02 9.013367763952111478e-01
1.221961e+02 8.971889924917543224e-01
1.228639e+02 8.873068934432875032e-01
1.235375e+02 8.934562637947065511e-01
1.242170e+02 8.969496926284552529e-01
1.249027e+02 8.869287088164239385e-01
1.255948e+02 8.840038994601311373e-01
1.269984e+02 9.042300601132267079e-01
1.277104e+02 8.899928156855231309e-01
1.284295e+02 8.895720850229675847e-01
1.291557e+02 9.035660194954344693e-01
1.298893e+02 8.989806424354696013e-01
1.306305e+02 8.832115239939808404e-01
1.321364e+02 9.198347527775886379e-01
1.329014e+02 8.832883737901173760e-01
1.336748e+02 8.839433288263311983e-01
1.344567e+02 8.934358591418710693e-01
1.352472e+02 8.957744004211077860e-01
1.360467e+02 8.938747882371538278e-01
1.376731e+02 8.789459272307781346e-01
1.385003e+02 8.827348451899218462e-01
1.401838e+02 8.925300397719805323e-01
1.419072e+02 8.927351908583792683e-01
1.427842e+02 8.882446696165577915e-01
1.436716e+02 8.976514977595553280e-01
1.445695e+02 8.830448744896584046e-01
1.454781e+02 8.924268944822909555e-01
1.463974e+02 8.816234687519052260e-01
1.473274e+02 8.821618128852710683e-01
1.482683e+02 8.938109219349323897e-01
1.492201e+02 8.749291176443992901e-01
1.501827e+02 8.832431739566622975e-01
1.521404e+02 8.809883053000551190e-01
1.531353e+02 8.939152130020331377e-01
1.541407e+02 8.817001155108363797e-01
1.551565e+02 8.868944929154720658e-01
1.561824e+02 8.986181971053950335e-01
1.572182e+02 8.818905200458803106e-01
1.582637e+02 8.760044006665951288e-01
1.593185e+02 8.913179467130437628e-01
1.603824e+02 8.826982499729211229e-01
1.614550e+02 8.788435345952237965e-01
1.625359e+02 8.692956491873436997e-01
1.647212e+02 8.735566210021620259e-01
1.658250e+02 8.848530838784849362e-01
1.680527e+02 8.851735069121021704e-01
1.691761e+02 8.600839139466199823e-01
1.703054e+02 8.871774383383311813e-01
1.714403e+02 8.693909469546958757e-01
1.725806e+02 8.856784213640505055e-01
1.737261e+02 8.753594128858491752e-01
1.748765e+02 8.682839457468075617e-01
1.760317e+02 8.823138901708053039e-01
1.771917e+02 8.824593308901991229e-01
1.783562e+02 8.602609146341846369e-01
1.795252e+02 8.673823053423339591e-01
1.806988e+02 8.661079598352419140e-01
1.818767e+02 8.664989970162143562e-01
1.830592e+02 8.937930258641108017e-01
1.842461e+02 8.637854268733818897e-01
1.854376e+02 8.540864088635530260e-01
1.866336e+02 8.606750671318548207e-01
1.878344e+02 8.682545275420218145e-01
1.890400e+02 8.596667981422653204e-01
1.914661e+02 8.676583836358063850e-01
1.926869e+02 8.612257750881284757e-01
1.939131e+02 8.468868838289068668e-01
1.951448e+02 8.646098934704686823e-01
1.963823e+02 8.683040562579210642e-01
1.976257e+02 8.352406478974852000e-01
1.988752e+02 8.597489581755777266e-01
2.001310e+02 8.618069472587844837e-01
2.026627e+02 8.549435774737114135e-01
2.039391e+02 8.682372083838015842e-01
2.052227e+02 8.518580214410818030e-01
2.065139e+02 8.390499384278085060e-01
2.078129e+02 8.440211481045339914e-01
2.117600e+02 8.582758717432079631e-01
2.130933e+02 8.399516169100028629e-01
2.144361e+02 8.473516007736449085e-01
2.157885e+02 8.448777909118901919e-01
2.171510e+02 8.364685183608271402e-01
2.185240e+02 8.588316122551719056e-01
2.213027e+02 8.490973532761043607e-01
2.227094e+02 8.343992240744694255e-01
2.284613e+02 8.291892129353115592e-01
2.299330e+02 8.410291342791508251e-01
2.314194e+02 8.332688557474544622e-01
2.329209e+02 8.443851822563842591e-01
2.344382e+02 8.289082993796190735e-01
2.359719e+02 8.261238001920160334e-01
2.390913e+02 8.219718687060831863e-01
2.406786e+02 8.230173836271319487e-01
2.422853e+02 8.184400025649288812e-01
2.439123e+02 8.252932045037630893e-01
2.455605e+02 8.111661055643520912e-01
2.506431e+02 8.184342303296420207e-01
2.523870e+02 8.095161174199478893e-01
2.541581e+02 8.059155494492200589e-01
2.559576e+02 8.111124203558403023e-01
2.577871e+02 8.021092581555543388e-01
2.596484e+02 8.078967793231787153e-01
2.615433e+02 7.994495832681057790e-01
2.674506e+02 7.959395883068660638e-01
2.695019e+02 7.987429282282171306e-01
2.737444e+02 7.880221689872729529e-01
2.759420e+02 8.019908144151299823e-01
2.781951e+02 7.959441397954389874e-01
2.805077e+02 8.000185649424800260e-01
2.853267e+02 7.737226115939157545e-01
2.878409e+02 7.849881675374159595e-01
2.930945e+02 7.854077940134633895e-01
2.958371e+02 7.860697590462115691e-01
2.986555e+02 7.786351283759259667e-01
3.015454e+02 7.566438950292400101e-01
3.044991e+02 7.644877975713815221e-01
3.075060e+02 7.686148466974100923e-01
3.136295e+02 7.583864297863680548e-01
3.167217e+02 7.582239421545311497e-01
3.198205e+02 7.496372749867278307e-01
3.260048e+02 7.739483377178275614e-01
3.290735e+02 7.600640693942888326e-01
3.321130e+02 7.531049004852129469e-01
3.351103e+02 7.459775807183426366e-01
3.380511e+02 7.460930123464760699e-01
3.409221e+02 7.406494283932109068e-01
3.437123e+02 7.310443240069858239e-01
3.464152e+02 7.395847168534355198e-01
3.490285e+02 7.383750021489444704e-01
3.515536e+02 7.447131558485912128e-01
3.539944e+02 7.526118414721385541e-01
3.563561e+02 7.369274277256985251e-01
3.586446e+02 7.373926971026378840e-01
3.608659e+02 7.204270510826418228e-01
3.630255e+02 7.286804949813500132e-01
3.651285e+02 7.292088267281430225e-01
3.671797e+02 7.344760570139471367e-01
3.691834e+02 7.272473223716777735e-01
3.711433e+02 7.126526058340257874e-01
3.749454e+02 7.283876079196245357e-01
3.767935e+02 7.166594367838382551e-01
3.786097e+02 7.283043791708151415e-01
3.803963e+02 7.358850907265571673e-01
3.821555e+02 7.322016570164026072e-01
3.838892e+02 7.166101230583724613e-01
3.855992e+02 7.217078034378470175e-01
3.889542e+02 7.176046228658602422e-01
3.906022e+02 7.266449734476408961e-01
3.922322e+02 7.321026530376253394e-01
3.938455e+02 7.284761166835902468e-01
3.954432e+02 7.194252265925786816e-01
3.970263e+02 7.176247133638870013e-01
3.985959e+02 7.324590560848092125e-01
4.001528e+02 7.182584921351650165e-01
4.016981e+02 7.294164715566732182e-01
4.032324e+02 7.417213704804143104e-01
4.047568e+02 7.192461952748606668e-01
4.062718e+02 7.321919618602363844e-01
4.077782e+02 7.159844089282718649e-01
4.092769e+02 7.286185531925216674e-01
4.107684e+02 7.369650701257319803e-01
4.122534e+02 7.355772406797019825e-01
4.137325e+02 7.246921059397939402e-01
4.152065e+02 7.266582208854940328e-01
4.166758e+02 7.265311133228707918e-01
4.181412e+02 7.237079349387443017e-01
4.196032e+02 7.209963404899633055e-01
4.225192e+02 7.335431537272600888e-01
4.239744e+02 7.231368965494560097e-01
4.254286e+02 7.316432292170356178e-01
4.268822e+02 7.382360566125016899e-01
4.283359e+02 7.314670046807443260e-01
4.297902e+02 7.431882343941326186e-01
4.312457e+02 7.437979016005756838e-01
4.327030e+02 7.400099142439269251e-01
4.341627e+02 7.448303534553311067e-01
4.356254e+02 7.405516007114644195e-01
4.370918e+02 7.454417715597702054e-01
4.385625e+02 7.385800570908392926e-01
4.400381e+02 7.381750201375826270e-01
4.415195e+02 7.417790465999590799e-01
4.430071e+02 7.485782512352071594e-01
4.445019e+02 7.335083676156822774e-01
4.460046e+02 7.326717304135034192e-01
4.475160e+02 7.393225780854578710e-01
4.490369e+02 7.432761404346721612e-01
4.505682e+02 7.388970866916283464e-01
4.552342e+02 7.476015874275228068e-01
4.584149e+02 7.417653787792406472e-01
4.600294e+02 7.455230440474884812e-01
4.616617e+02 7.730658150335238954e-01
4.633126e+02 7.492177744203321055e-01
4.649833e+02 7.584160951357576952e-01
4.666747e+02 7.573739838883437603e-01
4.683876e+02 7.525646375524129850e-01
4.718795e+02 7.507583788099139177e-01
4.736583e+02 7.728955632789371588e-01
4.754578e+02 7.651147343288026148e-01
4.772761e+02 7.668751283393971940e-01
4.791105e+02 7.532312496867183960e-01
4.809570e+02 7.684842098103439323e-01
4.828110e+02 7.737757550144289675e-01
4.846673e+02 7.722521152115977561e-01
4.865205e+02 7.765587588381418493e-01
4.883654e+02 7.767142104288650151e-01
4.901975e+02 7.651170341222829352e-01
4.938105e+02 7.866655036028018522e-01
4.955873e+02 7.735935868133337889e-01
4.973434e+02 7.774655350126216113e-01
4.990788e+02 7.798244027099912046e-01
5.007941e+02 7.758865237531120673e-01
5.024902e+02 7.756794616161706291e-01
5.041682e+02 7.813876713757649251e-01
5.074748e+02 7.814796193897454168e-01
5.091060e+02 7.725035890323869170e-01
5.107242e+02 7.527027477221815976e-01
5.123306e+02 7.853112767068819444e-01
5.139264e+02 7.878542026225514583e-01
5.155127e+02 7.733543268744513810e-01
5.170907e+02 7.848397180481880842e-01
5.186614e+02 7.777518705885532180e-01
5.202258e+02 7.844146462858450075e-01
5.217848e+02 7.646906465546395859e-01
5.248905e+02 7.808870759465895706e-01
5.264390e+02 7.830188908225006461e-01
5.279856e+02 7.807813402390980650e-01
5.310766e+02 7.809759878324734617e-01
5.326224e+02 7.834913819711530891e-01
5.341696e+02 7.939509605967236539e-01
5.357187e+02 7.732231952333842306e-01
5.372706e+02 7.810699128674373215e-01
5.388259e+02 7.754062266281959159e-01
5.403854e+02 7.879664234091339203e-01
5.419497e+02 7.832289754628012357e-01
5.435196e+02 7.758048987028773880e-01
5.466790e+02 7.882932892351421916e-01
5.482698e+02 7.939496401704191353e-01
5.498691e+02 7.828695191727346181e-01
5.514776e+02 7.877986873146221036e-01
5.530959e+02 7.760842032402142099e-01
5.547250e+02 7.804288974216407881e-01
5.580181e+02 7.691193715128042951e-01
5.596839e+02 7.859008443358102003e-01
5.613636e+02 7.845862103010358135e-01
5.630580e+02 7.645218634178438943e-01
5.647681e+02 7.731185343694062517e-01
5.664947e+02 7.866755784384611427e-01
5.682390e+02 7.826472973929384791e-01
5.700017e+02 7.674710938886293299e-01
5.717841e+02 7.761173401097978264e-01
5.735871e+02 7.802631508039753472e-01
5.754120e+02 7.651149604684771566e-01
5.772599e+02 7.744176031232979929e-01
5.791320e+02 7.801787638717675444e-01
5.810296e+02 7.762211033565630247e-01
5.829541e+02 7.754197597720490220e-01
5.849069e+02 7.612344013779416274e-01
5.868896e+02 7.770663153363076558e-01
5.889036e+02 7.699728677794436260e-01
5.909505e+02 7.694048920685636617e-01
5.930321e+02 7.858673100911898191e-01
5.951502e+02 7.598546268843328066e-01
5.973064e+02 7.622584466060424724e-01
5.995027e+02 7.750351653607506774e-01
6.017408e+02 7.639103281028327697e-01
6.040228e+02 7.614014592015294625e-01
6.063502e+02 7.709765431417666681e-01
6.087249e+02 7.491168559138219329e-01
6.111482e+02 7.785705170957674115e-01
6.161455e+02 7.694310461759474862e-01
6.187203e+02 7.588809910624104704e-01
6.213456e+02 7.734798514673719705e-01
6.240198e+02 7.541531034438869741e-01
6.267405e+02 7.717178028620508279e-01
6.323055e+02 7.733131546671658807e-01
6.351389e+02 7.538901477364760018e-01
6.379975e+02 7.577971617764815981e-01
6.408739e+02 7.594284646017973595e-01
6.437609e+02 7.471053114952632690e-01
6.466515e+02 7.526517236697036761e-01
6.495392e+02 7.424385863579312517e-01
6.524188e+02 7.705395241647975402e-01
6.552858e+02 7.588740890395307970e-01
6.581368e+02 7.545346995755928265e-01
6.609692e+02 7.449733308488879491e-01
6.637812e+02 7.551225593484000020e-01
6.693394e+02 7.485982260653295528e-01
6.720844e+02 7.439543042784386717e-01
6.748065e+02 7.538848258619169629e-01
6.775057e+02 7.519311304166148568e-01
6.801824e+02 7.525097948380228274e-01
6.828369e+02 7.559691519007795124e-01
6.854696e+02 7.549161582149306327e-01
6.880811e+02 7.544772435122599763e-01
6.906719e+02 7.578380375576287964e-01
6.932427e+02 7.462904376063660417e-01
6.957942e+02 7.472780251757904502e-01
6.983270e+02 7.476728574625827184e-01
7.008418e+02 7.403684912151491382e-01
7.033394e+02 7.434979351895477651e-01
7.058204e+02 7.363180617373942249e-01
7.082858e+02 7.450216495838215547e-01
7.107361e+02 7.484500841881027711e-01
7.131723e+02 7.340980730451757141e-01
7.155951e+02 7.455376855378795797e-01
7.180054e+02 7.562719571188583068e-01
7.204038e+02 7.661736620158251521e-01
7.227914e+02 7.424190491063457076e-01
7.251689e+02 7.590288099765131191e-01
7.275373e+02 7.377193054621933310e-01
7.298973e+02 7.412913944618112483e-01
7.322499e+02 7.452930853741025485e-01
7.345960e+02 7.474962011956592933e-01
7.369366e+02 7.507139862981742073e-01
7.392725e+02 7.539610955431133021e-01
7.416048e+02 7.405799545692066665e-01
7.462626e+02 7.513993306993834720e-01
7.485903e+02 7.494241585204634015e-01
7.509185e+02 7.662548869260372708e-01
7.532484e+02 7.454112013528207958e-01
7.555813e+02 7.371338547169249411e-01
7.579184e+02 7.461284788134384671e-01
7.626105e+02 7.555885421938070001e-01
7.649684e+02 7.542677395692563014e-01
7.673362e+02 7.595858391434521240e-01
7.697155e+02 7.381641683390707254e-01
7.721081e+02 7.473229588716266969e-01
7.745159e+02 7.430414466952448560e-01
7.769408e+02 7.591122150694169513e-01
7.793852e+02 7.410790121068054903e-01
7.818514e+02 7.538378518388603178e-01
7.843420e+02 7.594470728379173474e-01
7.894080e+02 7.531405052665517408e-01
7.919900e+02 7.560370813336680929e-01
7.946097e+02 7.533290018899012619e-01
7.972712e+02 7.442500605746831255e-01
7.999795e+02 7.580896547724955692e-01
8.027395e+02 7.546045461550123790e-01
8.055571e+02 7.582010345168512799e-01
8.084383e+02 7.500471881436696631e-01
8.113896e+02 7.408523277915979310e-01
8.144172e+02 7.571220848512177914e-01
8.175261e+02 7.481248853372169938e-01
8.207192e+02 7.443477736833574721e-01
8.239939e+02 7.515613857672046594e-01
8.273397e+02 7.488775972405435910e-01
8.307354e+02 7.568717354259609786e-01
8.341496e+02 7.616314645455262156e-01
8.375465e+02 7.701280399367348428e-01
8.408953e+02 7.618009631678065441e-01
8.441758e+02 7.624992805554264841e-01
8.473796e+02 7.595274233842770339e-01
8.505070e+02 7.597496262863651095e-01
8.535634e+02 7.655143215607338458e-01
8.565563e+02 7.664395481030699120e-01
8.594937e+02 7.674933620646755550e-01
8.623829e+02 7.680896545672074582e-01
8.652308e+02 7.563093434959067274e-01
8.680434e+02 7.475050672351318815e-01
8.735831e+02 7.564711209863910213e-01
8.790381e+02 7.684196710971067379e-01
8.817432e+02 7.632660226792135072e-01
8.844379e+02 7.742630654319668793e-01
8.871250e+02 7.619858040579479130e-01
8.898075e+02 7.560895387618988828e-01
8.924879e+02 7.579551993973809854e-01
8.951689e+02 7.636973858661981751e-01
8.978530e+02 7.512399689065819564e-01
9.005425e+02 7.580803157355282540e-01
9.032399e+02 7.697107550202557658e-01
9.059474e+02 7.712041231452307910e-01
9.086675e+02 7.527720489775385770e-01
9.114025e+02 7.611879594190568143e-01
9.141548e+02 7.506686501190620309e-01
9.169270e+02 7.565285659912694971e-01
9.197216e+02 7.627955246811252144e-01
9.225414e+02 7.567690887997636784e-01
9.253891e+02 7.670485896151174599e-01
9.282678e+02 7.645859607851698270e-01
9.311808e+02 7.605405859472217367e-01
9.371236e+02 7.692839126519377402e-01
9.401613e+02 7.577663603219038091e-01
9.432492e+02 7.590119194113590373e-01
9.463923e+02 7.521108186466911594e-01
9.495961e+02 7.499643294677212912e-01
9.528670e+02 7.524097495950073933e-01
9.562120e+02 7.673675139599097639e-01
9.596390e+02 7.531790555079880267e-01
9.631568e+02 7.635742772568585579e-01
9.667754e+02 7.609050122706828567e-01
9.705054e+02 7.514254296283032764e-01
9.743578e+02 7.468444034193906234e-01
9.783423e+02 7.569431993252425661e-01
9.824654e+02 7.525160155955088470e-01
9.867247e+02 7.550361938907228510e-01
9.911031e+02 7.585867786725458695e-01
9.955619e+02 7.727139344316420466e-01
1.000044e+03 7.601683066533897470e-01
1.004486e+03 7.605636485466483743e-01
1.008844e+03 7.562637371284079979e-01
1.013091e+03 7.521562447474114954e-01
1.017223e+03 7.468847507355631521e-01
1.021248e+03 7.570817499205385603e-01
1.025176e+03 7.594252713178940573e-01
1.029022e+03 7.741305976419955437e-01
1.032797e+03 7.647541039272375274e-01
1.036511e+03 7.542949396352220948e-01
1.043796e+03 7.639570621400668671e-01
1.047381e+03 7.642108722429762357e-01
1.050937e+03 7.582504811995307570e-01
1.057984e+03 7.676236038265280559e-01
1.061486e+03 7.586984032854232618e-01
1.064979e+03 7.636474383954576783e-01
1.068468e+03 7.476042882826178237e-01
1.071959e+03 7.636988224876202214e-01
1.075454e+03 7.614911763260812094e-01
1.078959e+03 7.590404934769652279e-01
1.082479e+03 7.574093397224959112e-01
1.086017e+03 7.708383941514764803e-01
1.089580e+03 7.544677439166397326e-01
1.096800e+03 7.621628270959448503e-01
1.100470e+03 7.596481880683234600e-01
1.104188e+03 7.534209993976312969e-01
1.107963e+03 7.601323062405657138e-01
1.111803e+03 7.622702895427825309e-01
1.115720e+03 7.686591382303276099e-01
1.123831e+03 7.465422923317064363e-01
1.128056e+03 7.676003356216341000e-01
1.132420e+03 7.476740247439255249e-01
1.136947e+03 7.755501639456068297e-01
1.141663e+03 7.722175931913198843e-01
1.146598e+03 7.689249815146845801e-01
1.151771e+03 7.605131576581269925e-01
1.157178e+03 7.592500931769637917e-01
1.162750e+03 7.671867220438033375e-01
1.168342e+03 7.666256000440467844e-01
1.173801e+03 7.693786550682001346e-01
1.179045e+03 7.639606188011639487e-01
1.184067e+03 7.643132534388937804e-01
1.188898e+03 7.611299112608598261e-01
1.193573e+03 7.631810652008675921e-01
1.198128e+03 7.714530955873294404e-01
1.202593e+03 7.530068688889218764e-01
1.206989e+03 7.591299091488346029e-01
1.215645e+03 7.834769148767145586e-01
1.219933e+03 7.656497410640706880e-01
1.224209e+03 7.669055331724026203e-01
1.228484e+03 7.598197526920986711e-01
1.237071e+03 7.736057673509333377e-01
1.241402e+03 7.778335310460748886e-01
1.245772e+03 7.801806018615666805e-01
1.250191e+03 7.652124924485880220e-01
1.254671e+03 7.746693817916686653e-01
1.259224e+03 7.698443526098515122e-01
1.263866e+03 7.669169540704893206e-01
1.268611e+03 7.810444390663344727e-01
1.273480e+03 7.659641334360036691e-01
1.278497e+03 7.744963130417238384e-01
1.283688e+03 7.683330609258365307e-01
1.289090e+03 7.641224364235910116e-01
1.294745e+03 7.653382428621428035e-01
1.300706e+03 7.677702820424794350e-01
1.307026e+03 7.675016937853069710e-01
1.313735e+03 7.648106792007027810e-01
1.320758e+03 7.844300371969430419e-01
1.327848e+03 7.636589956058811302e-01
1.341228e+03 7.533264534128951695e-01
1.347416e+03 7.786107845513975390e-01
1.353341e+03 7.682432162558899824e-01
1.359070e+03 7.789204845488734152e-01
1.364662e+03 7.733859801513213172e-01
1.370159e+03 7.780313605649553654e-01
1.375596e+03 7.731513889703467424e-01
1.380998e+03 7.734116809576211393e-01
1.386388e+03 7.748334889608617937e-01
1.397214e+03 7.727842888841325308e-01
1.402688e+03 7.696793121004462668e-01
1.408233e+03 7.818191045289774044e-01
1.413870e+03 7.727410741658017335e-01
1.419627e+03 7.834630251907062082e-01
1.425535e+03 7.776286539047114754e-01
1.437970e+03 7.772708745229457428e-01
1.444611e+03 7.801890261021673378e-01
1.451640e+03 7.812176198944068561e-01
1.459169e+03 7.894653408958667296e-01
1.467323e+03 7.748794980290887313e-01
1.485115e+03 7.901600203695635649e-01
1.493684e+03 7.847631862045518769e-01
1.501636e+03 7.785365988234372869e-01
1.509097e+03 7.822419884816262936e-01
1.529869e+03 7.637010834341546595e-01
1.536578e+03 7.739471861349113135e-01
1.543284e+03 7.882618047064960942e-01
1.556857e+03 7.761520462801835274e-01
1.563811e+03 7.866791135363853105e-01
1.570942e+03 7.989035783667818302e-01
1.578309e+03 7.949652014394832378e-01
1.585991e+03 7.838829374644642467e-01
1.594091e+03 7.734775492861812873e-01
1.602757e+03 7.822908559765213710e-01
1.634019e+03 7.997859518750932706e-01
1.645102e+03 7.969333789400527834e-01
1.664527e+03 7.916924563357911060e-01
1.673357e+03 7.947454373215930845e-01
1.681894e+03 7.908041072732850951e-01
1.690309e+03 7.925321872523538591e-01
1.707244e+03 7.899964181648274630e-01
1.715955e+03 8.078433660069501698e-01
1.724963e+03 7.946076601212547219e-01
1.734396e+03 7.976734718025489945e-01
1.755372e+03 7.902634332505397152e-01
1.781605e+03 8.095310248318347002e-01
1.794277e+03 7.943511361299068207e-01
1.806866e+03 8.060173038403145584e-01
1.818532e+03 8.060188140378494737e-01
1.829431e+03 8.199375263286715620e-01
1.840040e+03 7.946646294292410984e-01
1.850601e+03 7.979356116926860087e-01
1.861338e+03 8.089853731266988257e-01
1.872479e+03 7.975910547924357497e-01
1.897119e+03 7.959838075795034884e-01
1.911639e+03 8.181185126154496556e-01
1.928833e+03 8.024927809856988725e-01
1.944577e+03 8.107175863706927998e-01
1.960204e+03 7.978128150666867757e-01
1.974594e+03 8.163672173070956051e-01
1.988118e+03 8.169560476424270190e-01
2.001496e+03 8.132329355322061026e-01
2.015162e+03 8.102236286377217933e-01
2.029612e+03 8.199173222829493346e-01
2.045535e+03 8.068988088576002360e-01
2.064142e+03 8.132578941364566605e-01
2.086994e+03 8.378139524063493715e-01
2.105231e+03 8.276162888204993129e-01
2.140632e+03 8.152889091839423674e-01
2.157661e+03 8.142555769225608975e-01
2.175492e+03 8.082438235543085714e-01
2.195292e+03 8.131019938971233429e-01
2.219374e+03 8.198991894335270203e-01
2.244432e+03 8.265681554159270972e-01
2.269251e+03 8.389419407969150866e-01
2.291804e+03 8.243092489759886732e-01
2.313924e+03 8.167162166190639061e-01
2.337601e+03 8.177447112113526151e-01
2.365801e+03 8.321117076353164999e-01
2.397817e+03 8.508252764567123538e-01
2.429476e+03 8.461911194837213879e-01
2.458267e+03 8.206023085612426105e-01
2.487819e+03 8.339418687215289783e-01
2.522529e+03 8.344379244661309647e-01
2.565049e+03 8.401423913074156369e-01
2.606842e+03 8.391191242458732047e-01
2.747210e+03 8.324643442159395113e-01
2.800630e+03 8.350561004427988765e-01
2.855401e+03 8.507976606333490510e-01
2.927500e+03 8.451207635021269482e-01
3.101811e+03 8.668661019092063214e-01
3.194776e+03 8.685670127492922665e-01
3.284898e+03 8.777952821622028168e-01
3.381339e+03 8.528141892792628909e-01
3.488015e+03 8.870834836448898697e-01
3.599372e+03 8.646311954656299426e-01
3.711145e+03 8.804784107912977387e-01
3.824875e+03 8.892271585027030634e-01
3.943088e+03 8.939342111656796153e-01
4.065897e+03 8.873673285745777850e-01
4.191917e+03 8.692277994810756470e-01
4.320560e+03 9.035966170101558115e-01
4.452235e+03 9.243176618846771220e-01
4.587284e+03 9.124322025824266325e-01
4.725630e+03 9.115746452487394347e-01
4.867135e+03 9.261289627413112902e-01
5.011841e+03 8.996674610543909933e-01
5.159876e+03 9.192017102393511552e-01
5.311331e+03 9.195289124840199113e-01
5.466265e+03 9.214469175464137241e-01
5.624748e+03 9.105338693640380177e-01
5.786872e+03 9.112605137085735274e-01
6.122411e+03 9.162625004075514168e-01
6.296006e+03 9.208645271611654026e-01
6.473608e+03 9.280896642324734103e-01
6.655310e+03 9.326909026302130368e-01
6.841208e+03 9.406614342706345333e-01
7.031400e+03 9.396638687248265454e-01
7.225982e+03 9.442061396679616303e-01
7.425054e+03 9.359266753630213209e-01
7.628717e+03 9.543692745712083481e-01
7.837074e+03 9.323629914480341396e-01
8.050230e+03 9.480833825295327255e-01
8.491365e+03 9.338248660106169829e-01
8.719566e+03 9.432180167144430527e-01
8.953004e+03 9.459556210461131931e-01
9.191797e+03 9.440463194467596519e-01
9.436063e+03 9.485168548660697363e-01
9.685922e+03 9.497821798239103330e-01
9.941498e+03 9.535886228581320623e-01
1.020292e+04 9.563207292263997683e-01
1.047031e+04 9.681781158449308533e-01
1.074381e+04 9.535960303742770927e-01
1.102355e+04 9.597120165364242395e-01
1.130966e+04 9.723918046376995861e-01
1.160230e+04 9.576880982051836355e-01
1.190161e+04 9.705366525053936710e-01
1.220772e+04 9.677680445171600310e-01
1.284101e+04 9.472634769242248565e-01
1.316849e+04 9.585679051022288899e-01
1.350342e+04 9.709452367983074650e-01
1.384595e+04 9.654196462005797397e-01
1.419626e+04 9.645126780869193173e-01
1.455453e+04 9.789569891716404237e-01
1.492094e+04 9.646114525758447966e-01
1.567887e+04 9.719093850508486732e-01
1.607079e+04 9.746843571294435682e-01
1.647160e+04 9.723188505873724408e-01
1.688149e+04 9.892985183941005456e-01
1.730069e+04 9.688709436634745931e-01
1.772939e+04 9.773879817194145447e-01
1.816782e+04 9.803938286769066091e-01
1.861618e+04 9.885894536948454103e-01
1.907472e+04 9.937885713379956965e-01
1.954365e+04 9.880478969029212744e-01
2.002322e+04 9.839758119094607069e-01
2.051366e+04 9.856990424336723455e-01
2.101523e+04 1.004921055941419894e+00
2.152817e+04 9.927435066807198671e-01
2.205275e+04 9.782378114858840679e-01
2.258922e+04 9.732290190110742811e-01
2.313787e+04 9.766403675395872730e-01
2.369895e+04 9.791245259128251721e-01
2.427277e+04 9.761913816078843231e-01
2.485961e+04 9.889290708977418465e-01
2.545977e+04 9.865615624502619418e-01
2.607354e+04 9.909642423808788791e-01
2.670124e+04 9.746553425284781857e-01
2.799971e+04 9.822927820436974100e-01
2.867114e+04 9.739258491191861156e-01
2.935781e+04 9.814008818774604404e-01
3.006007e+04 9.969262139084313912e-01
3.077828e+04 9.839487256107213309e-01
3.226402e+04 1.005297649570737306e+00
3.381803e+04 9.897977092055819659e-01
3.462162e+04 9.841314433436920694e-01
3.544348e+04 9.767791693943104203e-01
3.628401e+04 9.753213391028984214e-01
3.714366e+04 9.799793525620059675e-01
3.802285e+04 1.000229759696776632e+00
3.892204e+04 9.979364819502919426e-01
3.984169e+04 9.716634205951889536e-01
4.078225e+04 9.768636595118294075e-01
4.174422e+04 1.001620071100966625e+00
4.272807e+04 9.832659749149806894e-01
4.372807e+04 9.925379293110233592e-01
4.472807e+04 9.978355401745117037e-01
4.672807e+04 1.002074990392358034e+00
4.772807e+04 9.917868181654939663e-01
4.872807e+04 9.957860997327386832e-01
4.972807e+04 9.785191870714342599e-01
5.072807e+04 9.812353074197683878e-01
5.172807e+04 1.022739287143277886e+00
5.272807e+04 9.920750047423765317e-01
5.372807e+04 9.994389074748523116e-01
5.472807e+04 9.995186043720147850e-01
5.572807e+04 1.012845705162321197e+00
5.672807e+04 9.881359013740882435e-01
5.872807e+04 9.840920896118225958e-01
5.972807e+04 9.934575853694685987e-01
6.072807e+04 9.975711217390601515e-01
6.172807e+04 9.805480923161815632e-01
6.272807e+04 1.014225569653524950e+00
6.372807e+04 9.919999916235587856e-01
6.472807e+04 9.933541441543375372e-01
6.572807e+04 9.946516108946783508e-01
6.672807e+04 9.921200107661661827e-01
6.872807e+04 1.000310544004656021e+00
6.972807e+04 9.787440796360892259e-01
7.072807e+04 1.010579809450847577e+00
7.172807e+04 9.870936931118323709e-01
7.272807e+04 9.883294839973737478e-01
7.372807e+04 9.941326267393471028e-01
7.472807e+04 1.000846791439782946e+00
7.572807e+04 9.941799680952442264e-01
7.672807e+04 9.934955953460729017e-01
7.772807e+04 1.001266846301535285e+00
7.872807e+04 9.992796195302148243e-01
7.972807e+04 1.008031817143438813e+00
8.172807e+04 9.878107192853807783e-01
8.272807e+04 1.001613585192619560e+00
8.372807e+04 9.926562795484227264e-01
8.472807e+04 9.921144091638354201e-01
8.572807e+04 9.804120154138478149e-01
8.672807e+04 9.937665221965159557e-01
8.772807e+04 1.002010961152371094e+00
8.872807e+04 9.983822008274025883e-01
8.972807e+04 9.902139412179600253e-01
9.072807e+04 9.867606476246715275e-01
9.272807e+04 1.000631652450985065e+00
9.372807e+04 1.008571833293819386e+00
9.472807e+04 1.012475451611485333e+00
9.572807e+04 1.002713554382554717e+00
9.672807e+04 1.004343184235962916e+00
9.772807e+04 9.986969144674190391e-01
9.872807e+04 1.006811958563079035e+00
9.936404e+04 9.961960803984337698e-01
1.000000e+05 9.832876311489499033e-01
