# t  Nu
0.000000000000000000e+00 9.925822207260880381e-01
1.000000000000000167e-06 9.993963492301118912e-01
2.000000000000000333e-06 9.971238861069121606e-01
3.000000000000000076e-06 1.004794980380534941e+00
3.999999999999999819e-06 9.847404001439764576e-01
6.000000000000000152e-06 9.918733782242489250e-01
9.999999999999999124e-06 9.986650618946761870e-01
1.799999999999999707e-05 1.010163241967130698e+00
3.399999999999999973e-05 9.939526278235315537e-01
6.600000000000000506e-05 9.907611535722272711e-01
8.994210927592880098e-05 9.920275202152708527e-01
1.300000000000000157e-04 1.007363197907354069e+00
2.579999999999999828e-04 1.003132389169801630e+00
5.139999999999999170e-04 9.978190934743669249e-01
1.026000000000000002e-03 1.018698721779777605e+00
2.049999999999999739e-03 1.018253167563536010e+00
4.097999999999999213e-03 1.008310976875768317e+00
8.193999999999999895e-03 1.002497017944014690e+00
1.638599999999999779e-02 1.002442553497416400e+00
2.627555065104745721e-02 1.000895146397453805e+00
2.688360127146669637e-02 9.888875653633732998e-01
3.685628070980485893e-02 9.959274255718501001e-01
4.645826383874718246e-02 1.015038861864132835e+00
5.587845257553572531e-02 1.017755679042101846e+00
6.511552835922904126e-02 1.007458513197238670e+00
7.425764618466589029e-02 1.014834026993300720e+00
8.334886719401010668e-02 1.005731253693351146e+00
9.239609076386676167e-02 1.006030487535567675e+00
1.014046000915447276e-01 1.004708279501151491e+00
1.103788342145434059e-01 9.894904431190338912e-01
1.193241870642280933e-01 1.001135163321453359e+00
1.282485730707151328e-01 9.953400130271187196e-01
1.371615420500099658e-01 9.900305061357642655e-01
1.460736965810137677e-01 1.003727657901382520e+00
1.549964799128794868e-01 9.956391529175988575e-01
1.639420296559777057e-01 1.001119575032608733e+00
1.729231254430872444e-01 1.005597793633388415e+00
1.819531725028423752e-01 1.000829144212065147e+00
1.910461785370598520e-01 1.006441810699198358e+00
2.002167237424613278e-01 9.998265900128936456e-01
2.094799256938734699e-01 1.005477638599227674e+00
2.188514005634149273e-01 9.822686433175602527e-01
2.283472222584236044e-01 1.003161483655564457e+00
2.288862040532477493e-01 9.908113443615808036e-01
2.379838788250514259e-01 9.968543114394581295e-01
2.477782230333625546e-01 9.867609254246709760e-01
2.577474107985984753e-01 1.005954001308725365e+00
2.679088152289791913e-01 9.946942939464438194e-01
2.782798927742136663e-01 9.801077070233389366e-01
2.888779547193190411e-01 9.982114226126647116e-01
2.997197465861430321e-01 1.000083119661163034e+00
3.108206194860819171e-01 9.932722780825675724e-01
3.221927763029255321e-01 1.005527742042404249e+00
3.338412295636538074e-01 1.001598383755367916e+00
3.457534235075711559e-01 9.968785116205826080e-01
3.578686218583138068e-01 9.909327889770861431e-01
3.699709712026925668e-01 9.930754509441486189e-01
3.812591226742515493e-01 9.906454661226026248e-01
3.935215579021691945e-01 9.985653955188906750e-01
4.068601020847266714e-01 9.896592642427306519e-01
4.209139152358865044e-01 9.969421519749765981e-01
4.356017541480914357e-01 9.918474853101072464e-01
4.508697433869769400e-01 1.002433568683268383e+00
4.667014336721555523e-01 9.982241218383594017e-01
4.831256729942370876e-01 9.956291960333630842e-01
5.001796539331196945e-01 1.000511251622680842e+00
5.179014505116941169e-01 9.887646899574702442e-01
5.363303268106995869e-01 9.879148280767211521e-01
5.555058012060544170e-01 9.803425856080510981e-01
5.754679656851202640e-01 9.955918232192224604e-01
5.962572721875801784e-01 9.862917969485305303e-01
6.179130025079683231e-01 9.868781165596920424e-01
6.404703246734512190e-01 9.889142425787883495e-01
6.639551856019190179e-01 9.734190004967698817e-01
6.883757725333258248e-01 9.884098371020896279e-01
7.137087088851946648e-01 9.762049500936053059e-01
7.398778381791382142e-01 9.846737876151403501e-01
7.667246768805486834e-01 9.946300208181164670e-01
7.939746662880728945e-01 9.886090024011737754e-01
8.212133327106299063e-01 9.697178981011508325e-01
8.478933045824179615e-01 9.702836419133322732e-01
8.733760373836260138e-01 9.899435464263152129e-01
8.942631214589151778e-01 9.948979075250028448e-01
9.120025276428324057e-01 9.852087016480716164e-01
9.300857802947994912e-01 9.708198567789068090e-01
9.488344413920384302e-01 9.792212495064216426e-01
9.708036688802350600e-01 9.875802682546113154e-01
9.952709629967680938e-01 9.887712132389538944e-01
1.020497262017923124e+00 9.843131939776832429e-01
1.041084492430762509e+00 9.818431525665402004e-01
1.061551201585791970e+00 9.873648239671168891e-01
1.085795689961137844e+00 9.809992133859019026e-01
1.113793201773204844e+00 9.926142503166539566e-01
1.144569198167633362e+00 9.786937346654142056e-01
1.177317066022239178e+00 9.554689851552073954e-01
1.211487129464291490e+00 9.672755685230846057e-01
1.246786426488329047e+00 9.789552717430172191e-01
1.283046269145293738e+00 9.728189455240628947e-01
1.320108922070294177e+00 9.765190974167469173e-01
1.357769815387615653e+00 9.731530927903326855e-01
1.395734095313823975e+00 9.605338714951719981e-01
1.433573818437539060e+00 9.667058158605463802e-01
1.470681275008489441e+00 9.713098184344082231e-01
1.506220679563956555e+00 9.798656988525034084e-01
1.534970279899610324e+00 9.760695047567223837e-01
1.558821982152660324e+00 9.618150792021011863e-01
1.583379939651308410e+00 9.667800917136938343e-01
1.610506633737593507e+00 9.719147556824891954e-01
1.643205322131582991e+00 9.740544068758706375e-01
1.681158416256321342e+00 9.664729021067924863e-01
1.723058137631398479e+00 9.314359586508965672e-01
1.767942963768448283e+00 9.594437651654146304e-01
1.815062620840642404e+00 9.703591592587743619e-01
1.863864254831432143e+00 9.467382980245775403e-01
1.913935585558119268e+00 9.663241852980342106e-01
1.964891570094678075e+00 9.504709496972415517e-01
2.016257788062040479e+00 9.476237338060743420e-01
2.067317196601072382e+00 9.531496552494571617e-01
2.117549368587953840e+00 9.564401092514270841e-01
2.166738662749450040e+00 9.635866417262876071e-01
2.214056404959821478e+00 9.445545806265939204e-01
2.253506566571124026e+00 9.465969607915345474e-01
2.286985222036563847e+00 9.580541252760805815e-01
2.321131527496425928e+00 9.559859973308365566e-01
2.355904957493232921e+00 9.623247781340883433e-01
2.397431895709136729e+00 9.362144405061062491e-01
2.444912034710670756e+00 9.566357388115972471e-01
2.495000416267420196e+00 9.553305167373323803e-01
2.544410498406343812e+00 9.469226890312946177e-01
2.589640976798509797e+00 9.492793049221363022e-01
2.637152073189843460e+00 9.557062923591713721e-01
2.688476297043448149e+00 9.277035166834355362e-01
2.741868665744145339e+00 9.274059050067496868e-01
2.794924003196561646e+00 9.240090249772258124e-01
2.842862407609783038e+00 9.544718866668003843e-01
2.889310216577481327e+00 9.298849408393857763e-01
2.942152745484380993e+00 9.528979181562360345e-01
2.993265694970324020e+00 9.311159152205062961e-01
3.046332281480963466e+00 9.427760706106104172e-01
3.060644981570012746e+00 9.413713358260091812e-01
3.092115045836997478e+00 9.482971530503300217e-01
3.138453378147244788e+00 9.264652470831512554e-01
3.181232543652768641e+00 9.482846791785940477e-01
3.232432454164579916e+00 9.458203154714270866e-01
3.292659965036774938e+00 9.389726580898836161e-01
3.359323407809521989e+00 9.116229778783154769e-01
3.430824792670552181e+00 9.314455406104591439e-01
3.505528820984794791e+00 9.367565568363929174e-01
3.582070229348332635e+00 9.231170064223546134e-01
3.659357429570154085e+00 9.313406261888513837e-01
3.736263398391246771e+00 9.198240262582948468e-01
3.811461505991413201e+00 9.309672784158362635e-01
3.883257628983752152e+00 9.249891604974980197e-01
3.939570560040265068e+00 9.291917547797027277e-01
3.990972035340472956e+00 9.334145796242385718e-01
4.041640755552673880e+00 9.138255653779790988e-01
4.092629034286449752e+00 9.027617094248069352e-01
4.154566548370458356e+00 9.139028682425337502e-01
4.225877577196816226e+00 9.197929514391898209e-01
4.303539422559556904e+00 9.119858224996715279e-01
4.387993361897461142e+00 9.207562094654220264e-01
4.476015875932575661e+00 9.231121969518831794e-01
4.565124911639954597e+00 9.330204990681821853e-01
4.653663131445978429e+00 9.113070346885678852e-01
4.739850165877506072e+00 9.204371027110802572e-01
4.821701607929429478e+00 9.265611193509744048e-01
4.885390961814013444e+00 9.128003926242925781e-01
4.950113293021169092e+00 9.197755261155261541e-01
5.012296081475855480e+00 9.182942484235732117e-01
5.070034259593053427e+00 9.163796356744936533e-01
5.131077325009797185e+00 9.130565728609937315e-01
5.206638885185407517e+00 9.221028534648594288e-01
5.294137492273944368e+00 9.172322553670034795e-01
5.338996541803117779e+00 9.134088637487359774e-01
5.389820115933149580e+00 9.036289653212367101e-01
5.490944070858498449e+00 9.007310894007400925e-01
5.594257371116890809e+00 9.080914004703403153e-01
5.656558522241311948e+00 8.955089398538740308e-01
5.697880699043063046e+00 9.180001862877219532e-01
5.800410887310547992e+00 8.939130336009153410e-01
5.898990667638007501e+00 9.095800582882066498e-01
5.978517523466771344e+00 9.154265670386843023e-01
6.049031382320023909e+00 8.993388029712348075e-01
6.116028241911778629e+00 9.002554956344916981e-01
6.144789682749922655e+00 9.178846558333091377e-01
6.194388151905760864e+00 9.072021430221379745e-01
6.265231321618956351e+00 8.879099778674631738e-01
6.351128720434417119e+00 8.974242555308715730e-01
6.452432602635009395e+00 8.991187489150668233e-01
6.560058282674550156e+00 9.005595506475302381e-01
6.668628476562855845e+00 8.944807521084158219e-01
6.758292860532165491e+00 8.840001036542580737e-01
6.845816506363170184e+00 9.117821623876813941e-01
6.924176768454138653e+00 8.901515772463561849e-01
7.003242418440280836e+00 9.038105346516622784e-01
7.092467150434525358e+00 8.876068346976483392e-01
7.183767028306682789e+00 9.100757623921321704e-01
7.268466547853878801e+00 9.071533238001598942e-01
7.364757934021485930e+00 9.007508862746549383e-01
7.457920294063900890e+00 9.101655188984587586e-01
7.550708950680147247e+00 8.971131089704009742e-01
7.661541236813342870e+00 8.840594483614899746e-01
7.784605140499575526e+00 8.819465094163462249e-01
7.912968033908189369e+00 8.852215966852836626e-01
8.042541915721557189e+00 8.940512536532320143e-01
8.168644505453281468e+00 8.873599935406391026e-01
8.268943111465860696e+00 8.804116678915993033e-01
8.370677435286065560e+00 8.896962924318505550e-01
8.463693656264528187e+00 8.897164446309713259e-01
8.571543390268358209e+00 8.741680117863496191e-01
8.662398452697159357e+00 8.731572372798680481e-01
8.758985601361910511e+00 8.813512632912161582e-01
8.869139682267718428e+00 8.811049402262531860e-01
8.998072818420522978e+00 8.788691860573435433e-01
9.137577615959491695e+00 8.717404122470833183e-01
9.278605772125967377e+00 8.604381856289291530e-01
9.414482393728711429e+00 8.840062974158305886e-01
9.520471195027383260e+00 8.939716385740655857e-01
9.622665170946913094e+00 8.785301526210537171e-01
9.726705979328556850e+00 8.776516012783048826e-01
9.844547602929132779e+00 8.820677930403862943e-01
9.959382683445411999e+00 8.829954731065898788e-01
1.007869121435594195e+01 8.696173205098453041e-01
1.019089941645105668e+01 8.753011070689277195e-01
1.032473398736054904e+01 8.637273005715766505e-01
1.047241585700823663e+01 8.700846811799300973e-01
1.062392201623715238e+01 8.790130007212614283e-01
1.077284249538004346e+01 8.732388800942689766e-01
1.089206752246475673e+01 8.712225852289438022e-01
1.101308400897771556e+01 8.889909183627111577e-01
1.114137152726231861e+01 8.736468433260554667e-01
1.127553892251894396e+01 8.778811901609580026e-01
1.138331836608037229e+01 8.714669347080478135e-01
1.148862014732277892e+01 8.698524008675958541e-01
1.159843258975798364e+01 8.791078262907922047e-01
1.172936254793940769e+01 8.865158067386182950e-01
1.187533623230252289e+01 8.622204084576089445e-01
1.202015819234302008e+01 8.620236579194658910e-01
1.217122394491198101e+01 8.825262285573968191e-01
1.231343691458949507e+01 8.707701709485932140e-01
1.244450337026141362e+01 8.541164621108130461e-01
1.258725592901333634e+01 8.614788014904268820e-01
1.273860017373167430e+01 8.650701246603968997e-01
1.288784430055942387e+01 8.719525055488241971e-01
1.302219851409263285e+01 8.668821354814544300e-01
1.314389410062866936e+01 8.595389483993191027e-01
1.328669290370557832e+01 8.684193373225833623e-01
1.344085794594973038e+01 8.638883563320512993e-01
1.359686239001691455e+01 8.722932954446658282e-01
1.375100581795479115e+01 8.528594321364521003e-01
1.389630315134900229e+01 8.450039641837280291e-01
1.404229604909653872e+01 8.386130272018779142e-01
1.419132289039356820e+01 8.553524093377834481e-01
1.434467684782543984e+01 8.471963667034775325e-01
1.449762333197803521e+01 8.553654346003111142e-01
1.463706957756210336e+01 8.483776091512769124e-01
1.477708842602157979e+01 8.457027220721790028e-01
1.492188495933499226e+01 8.448656685055190296e-01
1.507363402576738665e+01 8.432922998600843600e-01
1.519494732104209156e+01 8.429440021734189159e-01
1.523211501456417949e+01 8.402260691869596343e-01
1.539409814931631182e+01 8.533891844621429579e-01
1.554942123422278932e+01 8.567788682618142637e-01
1.571795581578690637e+01 8.440710826548517565e-01
1.589442542207996212e+01 8.443868026601955012e-01
1.605096738128872857e+01 8.578480092366664866e-01
1.619430331854756488e+01 8.605091229302028744e-01
1.634051656516256656e+01 8.513089320663665971e-01
1.650626235996083224e+01 8.547887308492176928e-01
1.665875184659854824e+01 8.444895466974732257e-01
1.683578668744482698e+01 8.348717668703696804e-01
1.702499016317175418e+01 8.570225902516862559e-01
1.719887331339376857e+01 8.464477197828293997e-01
1.727217756850010844e+01 8.621514461590451539e-01
1.739289530213557811e+01 8.464783090594644177e-01
1.759993541703516939e+01 8.343045543461207192e-01
1.780664617932297134e+01 8.396242041542648638e-01
1.797216542416138907e+01 8.549018658683679162e-01
1.812719666747430836e+01 8.345428719250109761e-01
1.830103077916816545e+01 8.474243639067647882e-01
1.848262230940286344e+01 8.361554729559872445e-01
1.866219243194936084e+01 8.543845355235329952e-01
1.885903990306421818e+01 8.306173510449411657e-01
1.906568082150829113e+01 8.148612664363450442e-01
1.928894226260171152e+01 8.450213693840262774e-01
1.952003958627665625e+01 8.447326890795396892e-01
1.971907677801420533e+01 8.380522881443112082e-01
1.992074209356545111e+01 8.418786039608309180e-01
2.011867647953020466e+01 8.434490185596790202e-01
2.030770598639104918e+01 8.342490522112390172e-01
2.049991895940342346e+01 8.338321691275860648e-01
2.068660523427047693e+01 8.374307646004242045e-01
2.089655945693860772e+01 8.198767627273251257e-01
2.113527806772861695e+01 8.379847167492405768e-01
2.138786640435758812e+01 8.239205939504966603e-01
2.163728920101769759e+01 8.314781909822229755e-01
2.184016407355373701e+01 8.397841537894813468e-01
2.203448141205402067e+01 8.346993062241886419e-01
2.226266752877544874e+01 8.226985989257696863e-01
2.246409847356170175e+01 8.408381084605481837e-01
2.266912110427630012e+01 8.312729884627251264e-01
2.286749944515309352e+01 8.217613582399815320e-01
2.309662406698688031e+01 8.273143133529573534e-01
2.335667691044328365e+01 8.412357153135787691e-01
2.362638362733849817e+01 8.300917633295309406e-01
2.383765620964026510e+01 8.274282726319328596e-01
2.405635758388521950e+01 8.315104564845324786e-01
2.429697122629105266e+01 8.268432806437311378e-01
2.454701992300336499e+01 8.290646003694219779e-01
2.477350659421448498e+01 8.088550441767071719e-01
2.498717514842324050e+01 8.285679470727327356e-01
2.521945137676452475e+01 8.294167574691932998e-01
2.544736580749732724e+01 8.310564834911363663e-01
2.571190702089587887e+01 8.415162971860620233e-01
2.598983681179491967e+01 8.446762566747469947e-01
2.624285885928934903e+01 8.244167223429799130e-01
2.649461406293590926e+01 8.269046469577756575e-01
2.676519139473569808e+01 8.091899540267731838e-01
2.702506877378482741e+01 8.188338264797310195e-01
2.727673148017521498e+01 8.249192293975977641e-01
2.750552749123878726e+01 8.167383374500275517e-01
2.775529896814391506e+01 8.341831755545227045e-01
2.783732511405837684e+01 8.091965911286924662e-01
2.798845363921946117e+01 8.064857384341953539e-01
2.825368269527144349e+01 8.219707541742524715e-01
2.852820535220811138e+01 8.135067817225956066e-01
2.878476631060435409e+01 8.144778793723228549e-01
2.906691074368685079e+01 8.461057776241941442e-01
2.935023210757758605e+01 8.293430324096199291e-01
2.963345099742259947e+01 8.269605684763123854e-01
2.989639045954130125e+01 8.163025358534311549e-01
3.015972114990636754e+01 8.220726613400979321e-01
3.041890701384732765e+01 8.127128012563470394e-01
3.042421548809390686e+01 8.335347138842478243e-01
3.067152456874159938e+01 8.183732026862586828e-01
3.093532877678704551e+01 8.258416876897025638e-01
3.119438987502644878e+01 8.274628922397297970e-01
3.148042275061935058e+01 8.074212233338163847e-01
3.177871133009855598e+01 8.126235098578653560e-01
3.207911358944367208e+01 8.301652869348130626e-01
3.233496089538067508e+01 8.315020891804596470e-01
3.259469555475625668e+01 8.028186002346016092e-01
3.287265159762237943e+01 8.141300081774550668e-01
3.312636962116834383e+01 8.098937405887304264e-01
3.337664994445779598e+01 8.146683869623301266e-01
3.363612700623172458e+01 8.146910822337722902e-01
3.391097998111911949e+01 8.154705018017509577e-01
3.421246127313665397e+01 8.136424370805612760e-01
3.452055969136804237e+01 8.037283173808962289e-01
3.483811274945693270e+01 8.048215755917826897e-01
3.511007936680095298e+01 8.245650290338826238e-01
3.538164477904646787e+01 8.092515746649243669e-01
3.567558108049905030e+01 8.073498045536965373e-01
3.595504030889954805e+01 8.193342759293338329e-01
3.623254571267996482e+01 8.209616586351304868e-01
3.651042055510148288e+01 8.084901346859721949e-01
3.681285488969312070e+01 8.134994209168605606e-01
3.712683297169905217e+01 8.041023534941916795e-01
3.744293587942114954e+01 8.201239552965771118e-01
3.774333406542141489e+01 8.227518168213884264e-01
3.802664554225864890e+01 8.187248689850603611e-01
3.831601956315905255e+01 8.136895215347013099e-01
3.859696873101397330e+01 8.193499964760063703e-01
3.887735365277509203e+01 8.275703558721964059e-01
3.917403017404775056e+01 8.103193567184902024e-01
3.949007520684826034e+01 8.066568675438490210e-01
3.981346141960170826e+01 8.093908702356648055e-01
4.013613440197828908e+01 8.301179787918484543e-01
4.043943935753226526e+01 8.162416607731457496e-01
4.072679000542120065e+01 8.106011838983652185e-01
4.103315399781934047e+01 8.115160752407877265e-01
4.133163068296838816e+01 8.140300365059612853e-01
4.163474952621191250e+01 8.045117483092112387e-01
4.195473678926702377e+01 8.070992330699210404e-01
4.227027933714180818e+01 8.077750723564111057e-01
4.258933048798671450e+01 8.129188032550681564e-01
4.291144887174969114e+01 8.112706123911657130e-01
4.323153400256308032e+01 8.033815979501456317e-01
4.356111118065804533e+01 8.155960171665497249e-01
4.390220148768561614e+01 8.093457206080699740e-01
4.424920610761311934e+01 8.183211728823330811e-01
4.461753424937865020e+01 8.292023525826538455e-01
4.500826820638467041e+01 8.235046341711090845e-01
4.542015390971887001e+01 8.153288829686320405e-01
4.585065412761614567e+01 8.200789370090107999e-01
4.629687060361828799e+01 8.262741650759953815e-01
4.675651951967915210e+01 8.257893962347040429e-01
4.722778042764004169e+01 8.212637641305395864e-01
4.770909362029399148e+01 8.124679386265661885e-01
4.819908652940176808e+01 8.187026465593822966e-01
4.869652029255894377e+01 8.186935263594659062e-01
4.920027183403397686e+01 8.190519638539428549e-01
4.970933543029328661e+01 8.094476209988830107e-01
5.022282340449100957e+01 8.285588199020272882e-01
5.073996340586825227e+01 8.185400866199714631e-01
5.126009250893321223e+01 8.283514351539128517e-01
5.178264873409890612e+01 8.183783695073123532e-01
5.215863223957647676e+01 8.318416355471099921e-01
5.230716129041044837e+01 8.389814671394247858e-01
5.283324049931358246e+01 8.202514647585656959e-01
5.336056796336233532e+01 8.222434289851379141e-01
5.388888733457763891e+01 8.220202388824323636e-01
5.441799587493455448e+01 8.301750329561324859e-01
5.494773688991378435e+01 8.166354786022684831e-01
5.547799304636168216e+01 8.196037024877544930e-01
5.594178657098187557e+01 8.176250035360352886e-01
5.600868054011050390e+01 8.325029116414958130e-01
5.653974405044173324e+01 8.374507373533722765e-01
5.707115240251189903e+01 8.258563274413278643e-01
5.760289485403625775e+01 8.358704166347702413e-01
5.813497792349699012e+01 8.351312832961174104e-01
5.866742268120325576e+01 8.156512526134562791e-01
5.920026243172701186e+01 8.335168253277500661e-01
5.973354072387265745e+01 8.292718443547151264e-01
6.026730963166136235e+01 8.297868246313629959e-01
6.080162825677701477e+01 8.152484682683256434e-01
6.133656140987424976e+01 8.294597643811351118e-01
6.187217843297294451e+01 8.391346057701697392e-01
6.240855213073298557e+01 8.447824481520228579e-01
6.294575778184326253e+01 8.295682634862879823e-01
6.311593699104484045e+01 8.625333162599897463e-01
6.348387220624499605e+01 8.261063053523464150e-01
6.402297286586208713e+01 8.318529496522856226e-01
6.456313698027460646e+01 8.287209389496837941e-01
6.510444064044229151e+01 8.442815212006714587e-01
6.564695790638235451e+01 8.320688174902300949e-01
6.619075987659915938e+01 8.392137646034046883e-01
6.673591372059014759e+01 8.336692244477412750e-01
6.728248166714540446e+01 8.442236395323784448e-01
6.783051994605673940e+01 8.233605937728034618e-01
6.838007768297174493e+01 8.410238697310913336e-01
6.893119575379917308e+01 8.500993644911328806e-01
6.948390560854974751e+01 8.364224382746701103e-01
7.003822808186052384e+01 8.501254355375215122e-01
7.059417221365180239e+01 8.507515483669780831e-01
7.115173411137588744e+01 8.543124404500060942e-01
7.171089589209827864e+01 8.562528650293971255e-01
7.227162475085900439e+01 8.530300018910580429e-01
7.283387220672089768e+01 8.559117950924085561e-01
7.339757358305841706e+01 8.607936709661021535e-01
7.396264777946258562e+01 8.369763524851614456e-01
7.452899739012991631e+01 8.347671510780587667e-01
7.509650921597503270e+01 8.612942093862686610e-01
7.566505520534381901e+01 8.513796388096911416e-01
7.623449384038860899e+01 8.439613702202947154e-01
7.680467196287381171e+01 8.472238862711328755e-01
7.737542700894941561e+01 8.638883295662946882e-01
7.794658959476969073e+01 8.607684424358278408e-01
7.851798637078863408e+01 8.529847948236417565e-01
7.908944304184181817e+01 8.534693114406926018e-01
7.909053043480363954e+01 8.585358688511560699e-01
7.966078743773354631e+01 8.475788972719818792e-01
8.023185251019431519e+01 8.694427723874005309e-01
8.080247915046457763e+01 8.709229642848349551e-01
8.137251871080667343e+01 8.591777625377070571e-01
8.194183516111249332e+01 8.630317872515994582e-01
8.237152840593398651e+01 8.654400816564002952e-01
8.251030681999012018e+01 8.538291281431640289e-01
8.307782763309266727e+01 8.527708386545608255e-01
8.364430799812771511e+01 8.818634807063804315e-01
8.420967515715467755e+01 8.510540343071277825e-01
8.477387319721448478e+01 8.713371650012692315e-01
8.533686271222426001e+01 8.416808740253571841e-01
8.589862018620600281e+01 8.532363468231816128e-01
8.645913716006823790e+01 8.661008840276442911e-01
8.701841924216668644e+01 8.780496112009058551e-01
8.757648501764924731e+01 8.747246229943146378e-01
8.813336490482396357e+01 8.541526378046919721e-01
8.868909999876656514e+01 8.546575228403390234e-01
8.924374093430235177e+01 8.778117784279440006e-01
8.979734679302464428e+01 8.719960462423959058e-01
9.034998407190090575e+01 8.710999119172844196e-01
9.090172572528817341e+01 8.605410670585256216e-01
9.145265028721517808e+01 9.013336112438125047e-01
9.200284107674076495e+01 8.885148151742924272e-01
9.255238548662644860e+01 8.629918180221661794e-01
9.310137435269049888e+01 8.620697687910034990e-01
9.364990140050240086e+01 8.795152588261745397e-01
9.419806276417691038e+01 8.831842504236511182e-01
9.474595657219951761e+01 8.797345336104034352e-01
9.529368259462884794e+01 8.640704453105463312e-01
9.584134194588287414e+01 8.798656838981948614e-01
9.638903683766142194e+01 8.948734827740145725e-01
9.693687037697100095e+01 8.736668162585835562e-01
9.748494640407383827e+01 8.712201201517703053e-01
9.803336936595995610e+01 8.883180832653242431e-01
9.858224422121185171e+01 8.840616671155399064e-01
9.913167637244350772e+01 8.730854812884959459e-01
9.927738127936410706e+01 8.784069603645108248e-01
9.968177162300837324e+01 8.820362732604686284e-01
1.002326361547559372e+02 8.693427552793340229e-01
1.007843765243013934e+02 8.833412438632337604e-01
1.013370996752682345e+02 8.898993082267241395e-01
1.018909129643737401e+02 8.961342201419340014e-01
1.024459241993125573e+02 8.821582252641342325e-01
1.030022416868629875e+02 8.685478636102518246e-01
1.035599742896223177e+02 8.894671726570689829e-01
1.041192314899149949e+02 8.868333209958566554e-01
1.046801234596609760e+02 8.724930437963759333e-01
1.052427611351887009e+02 8.575898771520213959e-01
1.058072562959180232e+02 8.940482029210442549e-01
1.063737216457876542e+02 8.903201089905063981e-01
1.069422708969879352e+02 8.964938053515917327e-01
1.075130188549765080e+02 8.931334966108459561e-01
1.080860815040082628e+02 8.831685810020097893e-01
1.086615760927320622e+02 8.806381902491335900e-01
1.092396212191318057e+02 8.825794165363286536e-01
1.098203369142689780e+02 8.935343213157108666e-01
1.104038447243537888e+02 9.053279543120823503e-01
1.109902677905590878e+02 8.851535059746978851e-01
1.115797309262543280e+02 8.841356567012746970e-01
1.121723606911446041e+02 8.754255609446279784e-01
1.127682854621930204e+02 8.897583561583212175e-01
1.133676355005098344e+02 8.790148091089474702e-01
1.139705430144017839e+02 8.738946864921992574e-01
1.145771422179490600e+02 8.761955727434806995e-01
1.151875693850354025e+02 8.851443226653648022e-01
1.158019628987023992e+02 8.963530168877665849e-01
1.164204632953520075e+02 8.888325712785514199e-01
1.170432133038678160e+02 8.867881150013572356e-01
1.176703578794844560e+02 8.824546622657352124e-01
1.183020442324207551e+02 8.841130594949874189e-01
1.189384218507728832e+02 8.936454207691527651e-01
1.195796425180515428e+02 8.725902628498640734e-01
1.202258603250509736e+02 9.105686184941435002e-01
1.208772316759973364e+02 8.995664107086752681e-01
1.215339152888746668e+02 8.979450505728270304e-01
1.221960721894773627e+02 8.912713620228583933e-01
1.228638656995440925e+02 9.009180709892580241e-01
1.235374614180560542e+02 8.782773121799867244e-01
1.242170271955886562e+02 8.922804464744255037e-01
1.249027331007586952e+02 8.855293309557166204e-01
1.255947513782450358e+02 9.045005355484799781e-01
1.262932563970499302e+02 8.840791612678293721e-01
1.269984245875729272e+02 8.994775029283043066e-01
1.277104343658783989e+02 8.774342195617509388e-01
1.284294660424291123e+02 8.949210616015792485e-01
1.291557017130091936e+02 8.858583518857674477e-01
1.298893251279906451e+02 8.832670394980294271e-01
1.306305215359191720e+02 8.859883461622070078e-01
1.313794774963911323e+02 8.831721842576700787e-01
1.321363806568286350e+02 8.954893749727079744e-01
1.329014194858889368e+02 8.962306031307103460e-01
1.336747829558544254e+02 8.957678130650007509e-01
1.344566601654060491e+02 8.788646919203086938e-01
1.352472398927418737e+02 9.030986609618866234e-01
1.360467100679048826e+02 8.787145351835101703e-01
1.368552571523970869e+02 8.961612418905577915e-01
1.376730654135984935e+02 8.952568026394662759e-01
1.385003160800820297e+02 8.908230474409729593e-01
1.393371863647674047e+02 8.957570908865010173e-01
1.401838483420642945e+02 8.909015023030388836e-01
1.410404676668575235e+02 8.702928840877655059e-01
1.415823899428356469e+02 8.736252984009792444e-01
1.419072021249858437e+02 8.815160486326002465e-01
1.427842000076080637e+02 8.801818251800072046e-01
1.436715983059670236e+02 8.936890171614143563e-01
1.445695207300603329e+02 8.841686907907456705e-01
1.454780755612719929e+02 8.829341920313864556e-01
1.463973533596344794e+02 8.927956857287397963e-01
1.473274245581141031e+02 8.780599027125304268e-01
1.482683369899216359e+02 8.962612869502055712e-01
1.492201134101254070e+02 8.798384649010192460e-01
1.501827490892449646e+02 8.662294786560106319e-01
1.511562095719595504e+02 8.791557148723659898e-01
1.521404287087558203e+02 8.655202452825637716e-01
1.531353070786752539e+02 8.805636399353617971e-01
1.541407109267269959e+02 8.725228318483049250e-01
1.551564717370996505e+02 8.869651192858676314e-01
1.561823865512426153e+02 8.786807829937653969e-01
1.572182191176075889e+02 8.755006216414515929e-01
1.582637019265524430e+02 8.770802922495617437e-01
1.593185391412337992e+02 8.857388107986123860e-01
1.603824103859516583e+02 8.701059371107247031e-01
1.614549753013662325e+02 8.669105038110314077e-01
1.625358787263810711e+02 8.891439138324787050e-01
1.636247563248267625e+02 8.771798697386675725e-01
1.647212404459964148e+02 8.822157748528512977e-01
1.658249659949022714e+02 8.617548834201417263e-01
1.669355760925279810e+02 8.808960449113228952e-01
1.680527273275399978e+02 8.723608840937171482e-01
1.691760944351060516e+02 8.718100856850361513e-01
1.703053742830512647e+02 8.658931765788112633e-01
1.714402890928406578e+02 8.869389256922511899e-01
1.725805888714478442e+02 8.837714011450905627e-01
1.737260530711747322e+02 8.722399724699825274e-01
1.748764915303395924e+02 8.687374898681788915e-01
1.760317447720379960e+02 8.712779513271529108e-01
1.771916837540835843e+02 8.632947261299397379e-01
1.783562091710720665e+02 8.680931187677703997e-01
1.788851185243778446e+02 8.645490351037083965e-01
1.795252504076662206e+02 8.696772762930209399e-01
1.806987642376624308e+02 8.693018239399311620e-01
1.818767333540808977e+02 8.743865055882779069e-01
1.830591648028463396e+02 8.596666666277755775e-01
1.842460883816075352e+02 8.597237145116630730e-01
1.854375550530793646e+02 8.561425239954465471e-01
1.866336354097130936e+02 8.672391092875948448e-01
1.878344182196938448e+02 8.700991382476855884e-01
1.890400090717988917e+02 8.485339140788703549e-01
1.902505291340659426e+02 8.531416996027616495e-01
1.914661140319007870e+02 8.588177926769577919e-01
1.926869128493389951e+02 8.632412286003343649e-01
1.939130872535680510e+02 8.636049288928381307e-01
1.951448107396752221e+02 8.544944166746132330e-01
1.963822679922961356e+02 8.592653486644573624e-01
1.976256543585536178e+02 8.623440728244448072e-01
1.988751754279537920e+02 8.634440783471569736e-01
2.001310467127574384e+02 8.583254660226049548e-01
2.013934934250205515e+02 8.575513983599637458e-01
2.026627503433174411e+02 8.632599519113488551e-01
2.039390617667564243e+02 8.461742252124492270e-01
2.052226815522689947e+02 8.637457225438075481e-01
2.065138732304838811e+02 8.555303195395627114e-01
2.078129102004785693e+02 8.553178602664306407e-01
2.091200759992187272e+02 8.463162513618522897e-01
2.104356646466077336e+02 8.603270011359136493e-01
2.117599810662026698e+02 8.481369086395251777e-01
2.130933415813280760e+02 8.414592071390118999e-01
2.144360744890668684e+02 8.495960601829498637e-01
2.157885207154374143e+02 8.456453160797716695e-01
2.171510345547462464e+02 8.366458150561841833e-01
2.185239844974225605e+02 8.415249020916674150e-01
2.199077541523305115e+02 8.376277243158601893e-01
2.213027432715338421e+02 8.416125179440971937e-01
2.227093688844967403e+02 8.327949485085455184e-01
2.241280665519625757e+02 8.297916213212169767e-01
2.255592917502219166e+02 8.432385285030572497e-01
2.270035213997131507e+02 8.210973901249563056e-01
2.284612555521456727e+02 8.421083657174702752e-01
2.299330192542235523e+02 8.187351152807805788e-01
2.314193646068856083e+02 8.307749068079572918e-01
2.329208730420413929e+02 8.215217041527052011e-01
2.344306883104796668e+02 8.240418113106136033e-01
2.344381578464449660e+02 8.226183883464310842e-01
2.359718669574969852e+02 8.249692712053627863e-01
2.375226860679360925e+02 8.296126591881933798e-01
2.390913420776467717e+02 8.145190932366502823e-01
2.406786069363681690e+02 8.236187010828583954e-01
2.422853019284059144e+02 8.205971809206237255e-01
2.439123024553749701e+02 8.360610793368052907e-01
2.455605433828551440e+02 8.245940303225545165e-01
2.472310250243436087e+02 8.190974405596258556e-01
2.489248198422582163e+02 8.092881967349960792e-01
2.506430799575524020e+02 8.149502267605349681e-01
2.523870455664550718e+02 8.126021563175400697e-01
2.541580543665031655e+02 8.129990133123272678e-01
2.559575521003831682e+02 8.001889484560227306e-01
2.577871043161597981e+02 8.166059001458919608e-01
2.596484094271013419e+02 8.132249515134784001e-01
2.615433131144097842e+02 7.998316260490418994e-01
2.634738240426050311e+02 8.058232346247706790e-01
2.654421307259373748e+02 7.911811367033517728e-01
2.674506191671775923e+02 7.972217138763997291e-01
2.695018905277387375e+02 7.910911306370597140e-01
2.715987775133854143e+02 8.021690376317017757e-01
2.737443572337912769e+02 7.894541072886837041e-01
2.759419568720431926e+02 7.993180755745272759e-01
2.781951462996203190e+02 8.021352378618401557e-01
2.805077085262997798e+02 7.968844013197178278e-01
2.828835742472051038e+02 7.957224236261378758e-01
2.853267006485515935e+02 7.877913563780063466e-01
2.878408677170026522e+02 7.841855312667928013e-01
2.904293600913304658e+02 7.802772216073393663e-01
2.930945053486806842e+02 7.897945803648144247e-01
2.936681120221794572e+02 7.742671600479745786e-01
2.958370626402270887e+02 7.732789688961048125e-01
2.986555152767193135e+02 7.730958070837204987e-01
3.015454248884045114e+02 7.647480317609274270e-01
3.042354627609439035e+02 7.752843072790327472e-01
3.044991207678856995e+02 7.646700750767300159e-01
3.075060241364190006e+02 7.571214915193916761e-01
3.105537181494387937e+02 7.672415478887817386e-01
3.136294847257441916e+02 7.555599060716173820e-01
3.167216992341632817e+02 7.569852857997194651e-01
3.198204983730220761e+02 7.624386962808321622e-01
3.229175009304160540e+02 7.543736881212849132e-01
3.260047772733781812e+02 7.450687026603841634e-01
3.290735217118727292e+02 7.642249712389589389e-01
3.321129892636035379e+02 7.616680284764327791e-01
3.351102534658794525e+02 7.433858754151019266e-01
3.380511283240849139e+02 7.443092963545415719e-01
3.409220752217078712e+02 7.520237824164653917e-01
3.437123152566201156e+02 7.456886528367639988e-01
3.464152170803466220e+02 7.455973492132302871e-01
3.490285184991694791e+02 7.264993703677024017e-01
3.515536021586240167e+02 7.385320192408003637e-01
3.539943579914522616e+02 7.404886253110167793e-01
3.547192160434299808e+02 7.442799297330171537e-01
3.563560824980684174e+02 7.538463328843703071e-01
3.586446367688723740e+02 7.416737853050017204e-01
3.608659009642176443e+02 7.537460725223600333e-01
3.630254707390045041e+02 7.450610465521679826e-01
3.651285178976808083e+02 7.348642579767193928e-01
3.671797485391792293e+02 7.235794629842517978e-01
3.691834125068565982e+02 7.436289566543728968e-01
3.711433362873581245e+02 7.182370272825153723e-01
3.730629642492610287e+02 7.247987651031592149e-01
3.749454007559143065e+02 7.289603532090925819e-01
3.767934498230070517e+02 7.204636094915709554e-01
3.786096510573984801e+02 7.303833326444933993e-01
3.803963115826185231e+02 7.244756229120177249e-01
3.821555340915265901e+02 7.403066377064784209e-01
3.838892413472763678e+02 7.242858572398559458e-01
3.855991975142980550e+02 7.247288762910224502e-01
3.872870267075789457e+02 7.274349134573606657e-01
3.889542291271218915e+02 7.194903061805365541e-01
3.906021951082976216e+02 7.155750128210615069e-01
3.922322173829710437e+02 7.218445426001220966e-01
3.938455018057687198e+02 7.254229598467047957e-01
3.954431767657812884e+02 7.121357944272765916e-01
3.970263014726312463e+02 7.316620626934043914e-01
3.985958732757223402e+02 7.325642862328971550e-01
3.992792044457360703e+02 7.257460846083254591e-01
4.001528341566868221e+02 7.159079630822532403e-01
4.016980765083841902e+02 7.209990220517404902e-01
4.032324483031572413e+02 7.245075408577363874e-01
4.047567577339123659e+02 7.257874224062927926e-01
4.062717774023686843e+02 7.252207149774742012e-01
4.077782481177603131e+02 7.358540176302719171e-01
4.092768823603251462e+02 7.373415388167973150e-01
4.107683674569858567e+02 7.169691008555577616e-01
4.122533685121350686e+02 7.251988780991784900e-01
4.137325311282861549e+02 7.311758573340660927e-01
4.152064839502418181e+02 7.225102808439436419e-01
4.166758410619557367e+02 7.234129908876287818e-01
4.181412042607138346e+02 7.307355234545740430e-01
4.196031652338303388e+02 7.299860070131042322e-01
4.210623076584200248e+02 7.298527290578781246e-01
4.225192092432493496e+02 7.344854121983070971e-01
4.239744437338430885e+02 7.260028557222555357e-01
4.254285828958050502e+02 7.224946790327769763e-01
4.268821984942818517e+02 7.239067419091673727e-01
4.283358642840885295e+02 7.348403996636024837e-01
4.297901580265351527e+02 7.312523616730557396e-01
4.312456635468261084e+02 7.274677390269614907e-01
4.327029728455153759e+02 7.282032985016789750e-01
4.341626882761837578e+02 7.367296311285856936e-01
4.350081363223046083e+02 7.305600687613298394e-01
4.356254248025072684e+02 7.393199129956540272e-01
4.370918123400742843e+02 7.517110836280065378e-01
4.385624981939710665e+02 7.409660307003005375e-01
4.400381495920295265e+02 7.649065411141611204e-01
4.415194563101303515e+02 7.329101171975344053e-01
4.430071333805497034e+02 7.312764835448620770e-01
4.445019238562206283e+02 7.431178750777921449e-01
4.460046015918371722e+02 7.368040193740017507e-01
4.475159739740191185e+02 7.438946243686361814e-01
4.490368844984456018e+02 7.468065628067369621e-01
4.505682150430149022e+02 7.458459279848089762e-01
4.521108876129901546e+02 7.489552994564933064e-01
4.536658652364376962e+02 7.441123925305120901e-01
4.552341515485239825e+02 7.418443064127626663e-01
4.568167884137871511e+02 7.500010657499646127e-01
4.584148506727060521e+02 7.577890614457530871e-01
4.600294367488299940e+02 7.392547568910748934e-01
4.616616533941142961e+02 7.591428373116230199e-01
4.633125922716549212e+02 7.470075156558659835e-01
4.649832954016827671e+02 7.575130521295450059e-01
4.666747057925809941e+02 7.658493573094812268e-01
4.678274106861323958e+02 7.438219456073557057e-01
4.683875990646927221e+02 7.466248272135984632e-01
4.701224919376210778e+02 7.543737078756016512e-01
4.718795248480043938e+02 7.534000373247747850e-01
4.736583197793891031e+02 7.523411620276119205e-01
4.754578219333255902e+02 7.630913574400469690e-01
4.772761458926860314e+02 7.635804747446500729e-01
4.791104620087797343e+02 7.711766400394702847e-01
4.809569712087296125e+02 7.650881807370630838e-01
4.828110157742310093e+02 7.614035040325390913e-01
4.846673492237492269e+02 7.675245629979779993e-01
4.850154273440920747e+02 7.720769837062866348e-01
4.865205400843939856e+02 7.670607328901848376e-01
4.883654311809054889e+02 7.683130083524859488e-01
4.901975491813832377e+02 7.610942108074826296e-01
4.920133774393832482e+02 7.798093732455951832e-01
4.938104575996497942e+02 7.681583004372840584e-01
4.955873405909074449e+02 7.917244968742535027e-01
4.973434398387646524e+02 7.796826130316283354e-01
4.978354442446334360e+02 7.735576275010396241e-01
4.990788436183294152e+02 7.695881931962086364e-01
5.007941295600547846e+02 7.627950622592825081e-01
5.024902053987371460e+02 7.790931782198990962e-01
5.041681844094545113e+02 7.727183952099211384e-01
5.058292943045922812e+02 7.764722235796306382e-01
5.074748139675086804e+02 7.836123724108771116e-01
5.091060313975194731e+02 7.795697792224762779e-01
5.107242169360075081e+02 7.687738053968121710e-01
5.123306071018640750e+02 7.744033123709487265e-01
5.139263956133581814e+02 7.649690601551756286e-01
5.155127291863319670e+02 7.748359412559042703e-01
5.170907064556494106e+02 7.751975177078636037e-01
5.186613788930874307e+02 7.653507151532972230e-01
5.202257529656287716e+02 7.737970616718956585e-01
5.217847930256667723e+02 7.808913562515096274e-01
5.233394245944371050e+02 7.905834467510619579e-01
5.248905378200747691e+02 7.835243573154548891e-01
5.264389909668865357e+02 7.666808208397319913e-01
5.279856138482709866e+02 7.639541068309526617e-01
5.295312111534601627e+02 7.775875714886391066e-01
5.310765656396333725e+02 7.856863516841348094e-01
5.326224411799920517e+02 7.803713969761686409e-01
5.341695856665489828e+02 7.717163814873826411e-01
5.345229235611719787e+02 7.671604033987310389e-01
5.357187337759495449e+02 7.849450236634906153e-01
5.372706096080437419e+02 7.632479910611610352e-01
5.388259292106638441e+02 7.738577618194355523e-01
5.403854030069505825e+02 7.758193549752636642e-01
5.419497381380168690e+02 7.789400388252977203e-01
5.435196407391272260e+02 7.762971132045586309e-01
5.450958181638516180e+02 7.772841095898568309e-01
5.466789811704611566e+02 7.804246432862894656e-01
5.482698460878722244e+02 7.813091278719185295e-01
5.498691369726793710e+02 7.759198887857141624e-01
5.500065816849094062e+02 7.796872781118369122e-01
5.514775877746409378e+02 7.716088177348112698e-01
5.530959445223122657e+02 7.808777412297471798e-01
5.547249675429321769e+02 7.722492565936101006e-01
5.563654337302724571e+02 7.825637361667135972e-01
5.580181388727409058e+02 7.751225051286199097e-01
5.596839000553056849e+02 7.792337353355203167e-01
5.613635581445747675e+02 7.783094363123153059e-01
5.630579803707476003e+02 7.771695115176975310e-01
5.647680630144318457e+02 7.781866943395122638e-01
5.664947342072174479e+02 7.695875807234172639e-01
5.682389568502883321e+02 7.673918168267056528e-01
5.700017316545521453e+02 7.681360946250923583e-01
5.717841002972219258e+02 7.619797122507745435e-01
5.735871486866295754e+02 7.673647681406444709e-01
5.754120103126250569e+02 7.725385100426872542e-01
5.772598696522247792e+02 7.641330215386221703e-01
5.791319655734857861e+02 7.643403599543877602e-01
5.810295946638154874e+02 7.780781329467318930e-01
5.829541143657578459e+02 7.781130440192136621e-01
5.849069457603447972e+02 7.849330364365316726e-01
5.868895757710565704e+02 7.711486400884287606e-01
5.889035584750018870e+02 7.546064151995695024e-01
5.909505150885165676e+02 7.727650238755175982e-01
5.930321320392375810e+02 7.697863298179956626e-01
5.951501563305555464e+02 7.742009361101626075e-01
5.973063871350284444e+02 7.684560300942893107e-01
5.995026622097525433e+02 7.670877911523148462e-01
6.017408373063119598e+02 7.645834782086384784e-01
6.040227562464427820e+02 7.656615024998072450e-01
6.063502087840913646e+02 7.701065073842801034e-01
6.087248728626040020e+02 7.491799759145151283e-01
6.111482375473959792e+02 7.661251639235959754e-01
6.136215030768207725e+02 7.533792926735093376e-01
6.161454555864161193e+02 7.588057407523968179e-01
6.187203167862254531e+02 7.632365606527281576e-01
6.213455739346845803e+02 7.692053609670091996e-01
6.240198033502986164e+02 7.727412168135112669e-01
6.267405109711389741e+02 7.527538282381808221e-01
6.295040238036972369e+02 7.501192254250372837e-01
6.323054717468596664e+02 7.589766551820146256e-01
6.351388939568773822e+02 7.579338601338698744e-01
6.379974832673148057e+02 7.473635698498624080e-01
6.408739486749789194e+02 7.562514052868704040e-01
6.437609411864391404e+02 7.679478202553911004e-01
6.466514685058293708e+02 7.418750177977322391e-01
6.495392293946896416e+02 7.664975187547526936e-01
6.524188259030997870e+02 7.530725867311571786e-01
6.552858470105613833e+02 7.613591051148536071e-01
6.581368455488043310e+02 7.618581451884637312e-01
6.609692440223113863e+02 7.549084380183195275e-01
6.637812050515955207e+02 7.505685572131912675e-01
6.665714942125715652e+02 7.416247882145670101e-01
6.693393527509209662e+02 7.449686547011665771e-01
6.720843886855703886e+02 7.513621521708193640e-01
6.748064885804801634e+02 7.442650556108858506e-01
6.775057486947501957e+02 7.349396756110222473e-01
6.801824226354347047e+02 7.506572370229549485e-01
6.828368822504534137e+02 7.459955062331834474e-01
6.854695887579167675e+02 7.520060187348033276e-01
6.880810715801696915e+02 7.488487550167226559e-01
6.906719128867019890e+02 7.292563324106738909e-01
6.932427363207436883e+02 7.385547886990319055e-01
6.957941987674203119e+02 7.476573643016117821e-01
6.983269843316882088e+02 7.491515369545782566e-01
7.008417999195320363e+02 7.571009543499165328e-01
7.033393719884369375e+02 7.506602154083421574e-01
7.058204441637910804e+02 7.512353745734484667e-01
7.082857755029186819e+02 7.534081415288297334e-01
7.107361392585125941e+02 7.401523491135152399e-01
7.131723220409521673e+02 7.436427293650923476e-01
7.155951233110603198e+02 7.526708394169279170e-01
7.180053551582712998e+02 7.577450728415541237e-01
7.204038423351140636e+02 7.531018510454299264e-01
7.227914225371038128e+02 7.542369875038646976e-01
7.251689469156068526e+02 7.478527831024838202e-01
7.261925913163593123e+02 7.446503862456375078e-01
7.275372808253728181e+02 7.385081295940263413e-01
7.298973048137257820e+02 7.395702221602371562e-01
7.322499158547859679e+02 7.529200551076499215e-01
7.345960288470234900e+02 7.612574478768171504e-01
7.369365783878889715e+02 7.614863716634477919e-01
7.386517589598786344e+02 7.503113070489123571e-01
7.392725208475626459e+02 7.447868684612519719e-01
7.416048367653211244e+02 7.591767800515515363e-01
7.439345336031543638e+02 7.632005647853576935e-01
7.462626488911234901e+02 7.584360761931838724e-01
7.485902538091893348e+02 7.385765820982089780e-01
7.509184572597047236e+02 7.431534829220510785e-01
7.532484104911536633e+02 7.598345005766690141e-01
7.555813123524263801e+02 7.385330465752663054e-01
7.579184152614641334e+02 7.572474680956799986e-01
7.602610320013046703e+02 7.437962390975189075e-01
7.626105434644608749e+02 7.459329823387187419e-01
7.649684075016220959e+02 7.566398481123112196e-01
7.673361690504394801e+02 7.454998622067513514e-01
7.697154717594955855e+02 7.498241027051326668e-01
7.721080713584631212e+02 7.397127737457951380e-01
7.745158510728987267e+02 7.458552858651248396e-01
7.769408394236018012e+02 7.532068670028868596e-01
7.793852308122267232e+02 7.606597331014282037e-01
7.818514093272170840e+02 7.417105977641352821e-01
7.843419762436914198e+02 7.535788322918545168e-01
7.868597816652928714e+02 7.519843311500588046e-01
7.894079606574729269e+02 7.483711556443860546e-01
7.919899739282502651e+02 7.475863286533566132e-01
7.946096524795128744e+02 7.407436851509724418e-01
7.972712443560367319e+02 7.462658853693628913e-01
7.999794590965938141e+02 7.428068170786367164e-01
8.027395006901298302e+02 7.547156850330757338e-01
8.055570708847243395e+02 7.381479670064724496e-01
8.084383082938334155e+02 7.579246476179202219e-01
8.113895996889086746e+02 7.617315524113963399e-01
8.144171513450841076e+02 7.404694297813013693e-01
8.175261372927308230e+02 7.564787914236245081e-01
8.207191695442026003e+02 7.475580294285998351e-01
8.239938662864801699e+02 7.628101146794984411e-01
8.273396967331409542e+02 7.551710376574946038e-01
8.307353884224988860e+02 7.582843614298606649e-01
8.341495539159431019e+02 7.542466364603845896e-01
8.375465481676695845e+02 7.488903478859683105e-01
8.408953421986473131e+02 7.517992648208311479e-01
8.441758289323920508e+02 7.549284858669014220e-01
8.473796047753030507e+02 7.544278591641303544e-01
8.505070088854949972e+02 7.646162354928782712e-01
8.535634079994543981e+02 7.443771983517917246e-01
8.548218862561290052e+02 7.795043972371655805e-01
8.565563166579784138e+02 7.659693139684075058e-01
8.594936562947584662e+02 7.644058363955341662e-01
8.623829112066150628e+02 7.531231880187494454e-01
8.652308307432318770e+02 7.591959040000051395e-01
8.680434017755529794e+02 7.571348179411543367e-01
8.708259269143156871e+02 7.627670678717922703e-01
8.708329721318808652e+02 7.640007701864478529e-01
8.735831281196717555e+02 7.606717119773348523e-01
8.763192441552010905e+02 7.599328509472588200e-01
8.790381135974537301e+02 7.561954013921620144e-01
8.817432438279284952e+02 7.639933590541899688e-01
8.844378685974506880e+02 7.539611289880058242e-01
8.871249966390232657e+02 7.572008850046043626e-01
8.898074532445826890e+02 7.691443150636267934e-01
8.924879162449752812e+02 7.661166941963100108e-01
8.951689475235468763e+02 7.782170383472907238e-01
8.978530210088065360e+02 7.435485175183713658e-01
9.005425479573973462e+02 7.593222696890863377e-01
9.032399002375998407e+02 7.624772703553184261e-01
9.059474322415881034e+02 7.533747779422135249e-01
9.086675020056404719e+02 7.629218604599472542e-01
9.114024920646158989e+02 7.679316535327044280e-01
9.141548305596162436e+02 7.583325796065250035e-01
9.169270131170388822e+02 7.585240971592067671e-01
9.197216260385985152e+02 7.641214824223965252e-01
9.225413713946055623e+02 7.636411941108361967e-01
9.253890946720547390e+02 7.631131196336128353e-01
9.282678157245479724e+02 7.551900388383572249e-01
9.311807638906960847e+02 7.496800017741598321e-01
9.341314182843118488e+02 7.619813551458547440e-01
9.371235544077469513e+02 7.589564145178870902e-01
9.401612984062227270e+02 7.444570216317464295e-01
9.432491903678695735e+02 7.621871039484489074e-01
9.463922580335616885e+02 7.591413803701758667e-01
9.495961018876918160e+02 7.596569516662129429e-01
9.528669914388987081e+02 7.568978509115671383e-01
9.562119697171411872e+02 7.664032586458566776e-01
9.596389569465072782e+02 7.548058559397871070e-01
9.631568315349816203e+02 7.612056348962659147e-01
9.667754402775415201e+02 7.640830627787021934e-01
9.705054372643544411e+02 7.570765103850172206e-01
9.743577507102615982e+02 7.466833492394788774e-01
9.783423014226312944e+02 7.682809131096998145e-01
9.824653518629482960e+02 7.489876342155387112e-01
9.867247489022341824e+02 7.531116050769636194e-01
9.911030944295672498e+02 7.619963460529937116e-01
9.955618495299014512e+02 7.520995379468197184e-01
1.000043528218568667e+03 7.506298622178748658e-01
1.004486494202337553e+03 7.589072434247327026e-01
1.008843634964771809e+03 7.440397024870255560e-01
1.013090803529892014e+03 7.519261141043480645e-01
1.017223252748443656e+03 7.626080187083786877e-01
1.021247818637825276e+03 7.640490030218733963e-01
1.025176392063125832e+03 7.531329016867710502e-01
1.029021941633812276e+03 7.595026603839232227e-01
1.032796622089063476e+03 7.613913187491083701e-01
1.036511162712312853e+03 7.566945426547687648e-01
1.040174866829303483e+03 7.704402946502371119e-01
1.043795826402326156e+03 7.548760732056621903e-01
1.047381168503736490e+03 7.616194263521985919e-01
1.050937268778330463e+03 7.611352109985469738e-01
1.054469921347437321e+03 7.569547046346776220e-01
1.057984473009578323e+03 7.631088919972887075e-01
1.061485932056029469e+03 7.548711391541106375e-01
1.064979059829857988e+03 7.546267484569999517e-01
1.068468450666223816e+03 7.724110878160614924e-01
1.071958604153116312e+03 7.612206569120095745e-01
1.075453992752422437e+03 7.526692184404069064e-01
1.078959127421583844e+03 7.583339477956679842e-01
1.082478623768820626e+03 7.562004909484656423e-01
1.086017271349309567e+03 7.686056658378044304e-01
1.089580108943261621e+03 7.610136480667364367e-01
1.092942261597270317e+03 7.745847748720305903e-01
1.093172509096694284e+03 7.815398433655206256e-01
1.096800275862155104e+03 7.635283408340582945e-01
1.100469760645647739e+03 7.655433330019815186e-01
1.104188002402413304e+03 7.558178374739124017e-01
1.107962900233401569e+03 7.564228502885902428e-01
1.111803428731402846e+03 7.704804245536025498e-01
1.115719909058456778e+03 7.708247510108136025e-01
1.119724350985954516e+03 7.495246997236006958e-01
1.123830880549689937e+03 7.763969573562249371e-01
1.128056257524831153e+03 7.667371158056411895e-01
1.132420446702379650e+03 7.642943883847499453e-01
1.136947082086386445e+03 7.563383737351273561e-01
1.141663305379686108e+03 7.696559842796940609e-01
1.146597500632996798e+03 7.581485739393037937e-01
1.151771208143599324e+03 7.630077028073630752e-01
1.157178327301073523e+03 7.760999531612406965e-01
1.162750122077275819e+03 7.464276553511003387e-01
1.168342292040999610e+03 7.761317531993554564e-01
1.173800817728394577e+03 7.581273156246020051e-01
1.179044670489683540e+03 7.743671737491480966e-01
1.184067375921853227e+03 7.602827752307799170e-01
1.188897556527384040e+03 7.672463613928208748e-01
1.193572787894176145e+03 7.617763868424437534e-01
1.198128243406328238e+03 7.628991697725948651e-01
1.202592768806314325e+03 7.589883607694651868e-01
1.206989022828865700e+03 7.617193767213109590e-01
1.211334985808619876e+03 7.700310810737578393e-01
1.215645429439905001e+03 7.758491991726924608e-01
1.219933025478070022e+03 7.696712092710848996e-01
1.224209099277642508e+03 7.769190930005486218e-01
1.228484128814370933e+03 7.759812428418699781e-01
1.232768098869531286e+03 7.658460012238258452e-01
1.237070783220518933e+03 7.686543069635831671e-01
1.241401996858833172e+03 7.701009227125534817e-01
1.245771843981707207e+03 7.740479133873421347e-01
1.250190980460835817e+03 7.679377999235394991e-01
1.254670908860973896e+03 7.780658205446407960e-01
1.259224327493978308e+03 7.622115205219017753e-01
1.263865561394932911e+03 7.777022548997899465e-01
1.268611112596221119e+03 7.708777405226239221e-01
1.273480379692132601e+03 7.912867725384451489e-01
1.278496610081780545e+03 7.740481476900926694e-01
1.283688150348271847e+03 7.816476087727460831e-01
1.289090004289405670e+03 7.703767815325243129e-01
1.294745427014775260e+03 7.658648894369968207e-01
1.300706199318637800e+03 7.652003670551963399e-01
1.307026495554899839e+03 7.622130978090262410e-01
1.313734830472237718e+03 7.756854657028358080e-01
1.320758233490703788e+03 7.755628131001314207e-01
1.327848207993645246e+03 7.905255269660422801e-01
1.334712734754282792e+03 7.617620932468608386e-01
1.341228214927088629e+03 7.792748651902209334e-01
1.347415823927492966e+03 7.798896786898638078e-01
1.353340599977863576e+03 7.746933780081735055e-01
1.359070048793255410e+03 7.888796969522602343e-01
1.364661554840583904e+03 7.944575090569628850e-01
1.370159034822839885e+03 7.933365963686118683e-01
1.375595719220831597e+03 7.716547873309170802e-01
1.380997985109499950e+03 7.747772541539719171e-01
1.386388221711391679e+03 7.805866518387580832e-01
1.391786823801350693e+03 7.794109684042853647e-01
1.397213535294657731e+03 7.762793281868931583e-01
1.402688425669197613e+03 7.853522064584904649e-01
1.408232765365029763e+03 7.947800460185657778e-01
1.413869977157020458e+03 7.744196898393608253e-01
1.419626810911592884e+03 7.878603291912337214e-01
1.425534914220111659e+03 7.835295839034535081e-01
1.431633041911291002e+03 7.880380619681940368e-01
1.437970265673538506e+03 7.685617669485681480e-01
1.444610655885034248e+03 7.698295163465862512e-01
1.451639621755270127e+03 7.889753248128950069e-01
1.459169196382020118e+03 7.672979819639196286e-01
1.467322688406380394e+03 7.871074760555842875e-01
1.476110846370726904e+03 7.791786987460761482e-01
1.485114795130019957e+03 7.662073218480904835e-01
1.493683897295421502e+03 7.878325928747037521e-01
1.501635804956508537e+03 7.748607603116041131e-01
1.509096943709276502e+03 7.744974051790074476e-01
1.516211812369780091e+03 7.826896645161448562e-01
1.523103361411897367e+03 7.729686924717396046e-01
1.529868974876058928e+03 7.885453577187787610e-01
1.536578302734955059e+03 7.790454491347784671e-01
1.543283685108466670e+03 7.854700167134845978e-01
1.550029361912187824e+03 7.817160706932202441e-01
1.556857235081413137e+03 7.729271273192515057e-01
1.563371652891125905e+03 7.817335866339946149e-01
1.563811342714931925e+03 7.745527415718567177e-01
1.570941764153521035e+03 7.853787009910080386e-01
1.578309052782510662e+03 7.698953825048904243e-01
1.585990612456619601e+03 7.789690653591990754e-01
1.594090780701190852e+03 7.778817917276261706e-01
1.602756859137728952e+03 7.857217039504929001e-01
1.612198955473750175e+03 7.792631750573216776e-01
1.622661752389412641e+03 7.976475228946887652e-01
1.634018601324701649e+03 7.889119522565488651e-01
1.645101546882047160e+03 7.793393261577257203e-01
1.655201401545137287e+03 7.767406966329861717e-01
1.664526824438057020e+03 7.858216436436032959e-01
1.673357123618541664e+03 7.946984006084866214e-01
1.681894252126435504e+03 7.866603360934457667e-01
1.690308556807105333e+03 7.980544938689462242e-01
1.698725980840868033e+03 7.891689163047782563e-01
1.707244140527338686e+03 7.953255245447009569e-01
1.715955440358551868e+03 8.003462792134250492e-01
1.724962565016456892e+03 7.983942706102382658e-01
1.734395864930743073e+03 7.964551140244587879e-01
1.744438939451583565e+03 7.951275059001018386e-01
1.755372223668825654e+03 7.925316591264265353e-01
1.767633630689550728e+03 7.888324979832147532e-01
1.781604691270478497e+03 7.867356074498093044e-01
1.794277179462047798e+03 7.857940467799023887e-01
1.806866284191587511e+03 7.987129919610365114e-01
1.818532212179643693e+03 7.904022549259988040e-01
1.829431369824282456e+03 8.005747364224876650e-01
1.840039538294297472e+03 7.862387528053869090e-01
1.850601292742407168e+03 8.050211922052574742e-01
1.861338370054994130e+03 7.929850869867955954e-01
1.872479453772193665e+03 8.075662511988578318e-01
1.884281164065342637e+03 8.066547598491569104e-01
1.897119320216083224e+03 8.016052645978251068e-01
1.911639033509622095e+03 7.978236494013682956e-01
1.928833283131361668e+03 8.091654469000021388e-01
1.944577465828905815e+03 8.073498657050628413e-01
1.960204257675995450e+03 8.108707791370226570e-01
1.974593989884675238e+03 7.992712833827475549e-01
1.988117982327950358e+03 8.200322919921599896e-01
2.001495712264814074e+03 8.115321894910147993e-01
2.015161959363995265e+03 8.098326230786504487e-01
2.029611564093424931e+03 8.115654730319190602e-01
2.045534814522170791e+03 8.195411605910279951e-01
2.064142307586062998e+03 8.089152183184890044e-01
2.086993775150971032e+03 8.117229015513608426e-01
2.105231445105104740e+03 8.089969533466558893e-01
2.123242897061491931e+03 8.208658302786882022e-01
2.140632167564022893e+03 8.145171914480415776e-01
2.157661199057816248e+03 8.090503155619369613e-01
2.175491850055954274e+03 8.232291004921240551e-01
2.195292005844557025e+03 8.217361206964067799e-01
2.219374223075154077e+03 8.095646872686101947e-01
2.223500169906974406e+03 8.269554755243255784e-01
2.244432366045509752e+03 8.118196157934229884e-01
2.269250949150478846e+03 8.272566692887610706e-01
2.291803767135876569e+03 8.359672936797521992e-01
2.313924348879405443e+03 8.364829400208656507e-01
2.337601417506488360e+03 8.236591065886234020e-01
2.365800857999379787e+03 8.336431596059071802e-01
2.397817306668525816e+03 8.307802102625376772e-01
2.429475683930430023e+03 8.362531307489793342e-01
2.458266995369919641e+03 8.464266290622187716e-01
2.487818848676413836e+03 8.402716207302513007e-01
2.522528648345619331e+03 8.398724111486526311e-01
2.565048627695247887e+03 8.455662315087648651e-01
2.606842169263627511e+03 8.550956770331893386e-01
2.646435012296100922e+03 8.423197348322838396e-01
2.692339706164736981e+03 8.380422744967745974e-01
2.746664753712681431e+03 8.684780831729345119e-01
2.747209870099610271e+03 8.529476924550303263e-01
2.800630428020158433e+03 8.514937035960727929e-01
2.855400996276456226e+03 8.577559551907212310e-01
2.927499645099616828e+03 8.573161921543647201e-01
3.012884710521254874e+03 8.615306092400564220e-01
3.101810756900761135e+03 8.641152670973775152e-01
3.194775807776349211e+03 8.647279694383391835e-01
3.284897711347759014e+03 8.657193066837797213e-01
3.381339497778709301e+03 8.693626975474851859e-01
3.488015386507042876e+03 8.739209832430999692e-01
3.599371813690789168e+03 8.729660870212014867e-01
3.711144617646448296e+03 8.784155887490828762e-01
3.824874629300098604e+03 8.729873156765679543e-01
3.943087807006927505e+03 8.909911166454093090e-01
4.065896763114605619e+03 8.761685553841511709e-01
4.191916694274805195e+03 8.884323780092164835e-01
4.320559562774265942e+03 9.020385747958740152e-01
4.452235004344176559e+03 8.958051322627917923e-01
4.587284433209324561e+03 8.993043862553238288e-01
4.725630464699276672e+03 9.057109714413710266e-01
4.867135072299660351e+03 9.099889180132336719e-01
5.011840826418686447e+03 9.028890976606599450e-01
5.159876049410475389e+03 9.095481626331380909e-01
5.311331313057461557e+03 9.158433472716294155e-01
5.466264942184487154e+03 9.154087212718617916e-01
5.624748412555837604e+03 9.226911554021776096e-01
5.786872292789177664e+03 9.323006863909788500e-01
5.952729950093717889e+03 9.171745983120935808e-01
6.122411249015938665e+03 9.232092101434721254e-01
6.296006220842812581e+03 9.172390840370241438e-01
6.473607560091228152e+03 9.407584315739198066e-01
6.655309810458405082e+03 9.135552214907420865e-01
6.841208403316546537e+03 9.348485245306706881e-01
7.031399769203173491e+03 9.306288035356726773e-01
7.225981747546005863e+03 9.501508389947432853e-01
7.425053762668146192e+03 9.571682773371297248e-01
7.628716878442449342e+03 9.329380752150415734e-01
7.837073898026202187e+03 9.418114517160627308e-01
8.050229504452283436e+03 9.453987838538193689e-01
8.268290392220085778e+03 9.369634522226721884e-01
8.491365379271246638e+03 9.666360035909569159e-01
8.719565510648208146e+03 9.566721331905133630e-01
8.953004159811625868e+03 9.392062787995696382e-01
9.191797126315797868e+03 9.391257594211499526e-01
9.436062729226063311e+03 9.385252991051767912e-01
9.685921897258738682e+03 9.537758051691699324e-01
9.941498256876093365e+03 9.527576765575628270e-01
1.020291821923671159e+04 9.563673005226333013e-01
1.047031106652696690e+04 9.569481278124357670e-01
1.074380903753257553e+04 9.739079614940863161e-01
1.102354741360819753e+04 9.516107073924384707e-01
1.130966460486195865e+04 9.611112289958958499e-01
1.160230223657273928e+04 9.692951782933866278e-01
1.190160523645399371e+04 9.418359947812249278e-01
1.220772192231750705e+04 9.673438369398414949e-01
1.252080409047520698e+04 9.739287032988025450e-01
1.284100710479585359e+04 9.604509585411648009e-01
1.316848998659391873e+04 9.652080993967574463e-01
1.350341550503299368e+04 9.543070734639753638e-01
1.384595026851570037e+04 9.782085956113885095e-01
1.419626481659829369e+04 9.758939268928336075e-01
1.455453371301363222e+04 9.845644831287106991e-01
1.492093563950331009e+04 9.648408819288730731e-01
1.529565349065637201e+04 9.624480370620983605e-01
1.567887446981706307e+04 9.765332281516266866e-01
1.607079018617355177e+04 9.861627580008071048e-01
1.647159675353996136e+04 9.814897174703898219e-01
1.688149489014177016e+04 9.588620035683932397e-01
1.730069002034112418e+04 9.575242209586655173e-01
1.772939237820438575e+04 9.725985791016997783e-01
1.816781711276111673e+04 9.834282400230830445e-01
1.861618439580795894e+04 9.613499441092075992e-01
1.907471953184716040e+04 9.815393287110690812e-01
1.954365307035805381e+04 9.669254609318694849e-01
2.002322092102030729e+04 9.822826865861176149e-01
2.051366447181485273e+04 9.864327703776144540e-01
2.101523070973854556e+04 9.766320261840223393e-01
2.152817234528342669e+04 9.778217472527606091e-01
2.205274793972841871e+04 9.872243621031467908e-01
2.258922203630405784e+04 9.972409865417410924e-01
2.313786529470921596e+04 1.005066622002850796e+00
2.330506338269031039e+04 9.856712684778565770e-01
2.369895462965761908e+04 9.840185396443110744e-01
2.427277335301602943e+04 9.962484047432488277e-01
2.485961131992465744e+04 9.861429475242240450e-01
2.545976507921434313e+04 9.869418108435620285e-01
2.607353802769504182e+04 9.903212532825421688e-01
2.670124056873084919e+04 1.013769530550804099e+00
2.734319027498133073e+04 9.845641759803720472e-01
2.799971205564611591e+04 9.852788770164604415e-01
2.867113832749537323e+04 9.846850566990547060e-01
2.935780919126855588e+04 9.761743951323205160e-01
2.989382231965105530e+04 9.746448689618867345e-01
3.006007261094906789e+04 1.002271089352452238e+00
3.077828459882376046e+04 9.886666206596750328e-01
3.151280940424749497e+04 9.992171025847397248e-01
3.226401970663731481e+04 1.005829611403685542e+00
3.303229681346829602e+04 9.905720848359922392e-01
3.381803086248548789e+04 9.835453482605722719e-01
3.462162102826705086e+04 9.859064372874354332e-01
3.544347573326746351e+04 9.877440740034296729e-01
3.612663698153506266e+04 9.849180554662692044e-01
3.628401286400645040e+04 9.954055818368263697e-01
3.714365999148104311e+04 1.001251413893784692e+00
3.802285459649118275e+04 9.793004626475575458e-01
3.892204429984737362e+04 9.861257436634527362e-01
3.984168709741016937e+04 9.978634759718705283e-01
4.078225160049183614e+04 9.840069393763106742e-01
4.174421728150821582e+04 9.840556381054534896e-01
4.272807472512140521e+04 9.880672213657473169e-01
4.372807472512140521e+04 9.893292062611610538e-01
4.472807472512140521e+04 9.855346826979086705e-01
4.572807472512140521e+04 1.001763123856969750e+00
4.672807472512140521e+04 9.899871284860188858e-01
4.772807472512140521e+04 1.000757355096171031e+00
4.872807472512140521e+04 1.013733732309628044e+00
4.972807472512140521e+04 9.971683262024056971e-01
5.072807472512140521e+04 9.974590707109708410e-01
5.172807472512140521e+04 1.005687202963613913e+00
5.272807472512140521e+04 9.954841162555636558e-01
5.372807472512140521e+04 1.008153060718789407e+00
5.472807472512140521e+04 9.886365579512399471e-01
5.478851273812934232e+04 9.909358025156097538e-01
5.572807472512140521e+04 9.930491630717157570e-01
5.672807472512140521e+04 9.895230656898759136e-01
5.772807472512140521e+04 9.811200422432649892e-01
5.872807472512140521e+04 1.001074531101847409e+00
5.972807472512140521e+04 9.899791321390392085e-01
6.072807472512140521e+04 9.973900016016590264e-01
6.172807472512140521e+04 9.886468529510518133e-01
6.272807472512140521e+04 9.925616730704870383e-01
6.372807472512140521e+04 9.870588457904284629e-01
6.472807472512140521e+04 9.859738078590608579e-01
6.572807472512140521e+04 9.973224913414450166e-01
6.672807472512140521e+04 9.793050172832308276e-01
6.772807472512140521e+04 1.008393492200464925e+00
6.872807472512140521e+04 1.014801460605909256e+00
6.972807472512140521e+04 9.950534906180379391e-01
7.072807472512140521e+04 9.868669934256665277e-01
7.172807472512140521e+04 9.831601017646931506e-01
7.272807472512140521e+04 9.888292369345071942e-01
7.336034894685010659e+04 9.913888810842961252e-01
7.372807472512140521e+04 1.013454947539920381e+00
7.472807472512140521e+04 9.935114030076431790e-01
7.572807472512140521e+04 9.966638315784571711e-01
7.672807472512140521e+04 9.994074583059160410e-01
7.772807472512140521e+04 9.924859777064100053e-01
7.872807472512140521e+04 9.831424982780350152e-01
7.972807472512140521e+04 9.873773689306754031e-01
8.072807472512140521e+04 9.993577584106730916e-01
8.172807472512140521e+04 9.976695435135192191e-01
8.272807472512140521e+04 9.955495389119562999e-01
8.372807472512140521e+04 1.007585582061037321e+00
8.472807472512140521e+04 9.825440632604730551e-01
8.572807472512140521e+04 9.994910525802965795e-01
8.672807472512140521e+04 9.925008044689195286e-01
8.772807472512140521e+04 9.903717848224362630e-01
8.872807472512140521e+04 1.000845681668011133e+00
8.972807472512140521e+04 9.777813733165202636e-01
9.072807472512140521e+04 9.806584623586444005e-01
9.172807472512140521e+04 9.995587221681877521e-01
9.272807472512140521e+04 9.810576077536574680e-01
9.372807472512140521e+04 1.005672621383024490e+00
9.472807472512140521e+04 9.928597414271669308e-01
9.572807472512140521e+04 9.960216424330073925e-01
9.672807472512140521e+04 1.001564854627711609e+00
9.772807472512140521e+04 1.000870911991451173e+00
9.872807472512140521e+04 9.964460084600740286e-01
9.936403736256070260e+04 1.009438021158061582e+00
1.000000000000000000e+05 1.011065531384803817e+00
