# t  Nu
0.000000000000000000e+00 9.948324984284044881e-01
1.000000000000000167e-06 9.995233485768580950e-01
2.000000000000000333e-06 9.993581265974503802e-01
3.000000000000000076e-06 1.002120442231412278e+00
3.999999999999999819e-06 1.006340820693822247e+00
6.000000000000000152e-06 1.004173052948307276e+00
9.999999999999999124e-06 1.007777801661161599e+00
1.799999999999999707e-05 1.009670904677938852e+00
3.399999999999999973e-05 1.006397776423626267e+00
6.600000000000000506e-05 1.005878655788480680e+00
1.300000000000000157e-04 9.937813849257672860e-01
2.579999999999999828e-04 1.008364997861175283e+00
5.139999999999999170e-04 9.908094882716249607e-01
1.026000000000000002e-03 1.000448771028749517e+00
2.049999999999999739e-03 9.965042799975257770e-01
4.097999999999999213e-03 1.003896791684671275e+00
8.193999999999999895e-03 1.002311407990692960e+00
1.638599999999999779e-02 9.985226977802600379e-01
3.276999999999999358e-02 1.015123804854360046e+00
6.553799999999998516e-02 1.011554312498467167e+00
1.018090204446262526e-01 9.960526421347241088e-01
1.368067551666338755e-01 9.893413688430582331e-01
1.719819931436072369e-01 1.007928547906101757e+00
2.073394223103105227e-01 9.953014169708386261e-01
2.429655146084714057e-01 9.883284788040419544e-01
2.791230541135739096e-01 9.972235219400595874e-01
3.158631579553127233e-01 9.855132515721424236e-01
3.531787740399580655e-01 9.831825680314636440e-01
3.910635704069532759e-01 9.908900929012383063e-01
4.295040337797961794e-01 1.002237544329101393e+00
4.684892936464054580e-01 1.007315016364188409e+00
5.080121642940846893e-01 1.004258992628772829e+00
5.480655593215266741e-01 1.000906975483086825e+00
5.886410332314874205e-01 1.001959739739844091e+00
6.297277898372051208e-01 9.865331227460661934e-01
6.713117893114359802e-01 1.000233201367262570e+00
7.133750158414555731e-01 9.986802574532920307e-01
7.558946046475474301e-01 9.966457468761856786e-01
7.988416553876339643e-01 9.925893745638445509e-01
8.421795655681505455e-01 9.861260848480826180e-01
8.858615679377521701e-01 1.000716929499053442e+00
9.298268907342269740e-01 9.872212510382167849e-01
9.739944050064210934e-01 9.932726617108611489e-01
1.018251417497958000e+00 9.830232958094606843e-01
1.062432509652185608e+00 9.964779320025666243e-01
1.149333934385731615e+00 9.841045196421353003e-01
1.190752164869417262e+00 9.891257002018891686e-01
1.221790917466479609e+00 9.870178980866285423e-01
1.253828988118297350e+00 9.942121717202272446e-01
1.285701501189657092e+00 9.749784827894200090e-01
1.323421381553580023e+00 9.902453603024305995e-01
1.365783015674870038e+00 9.883908935493829206e-01
1.409892469998491160e+00 9.856141277048439120e-01
1.454394959685265221e+00 9.709213250884441981e-01
1.498510856104853683e+00 9.822646775644980899e-01
1.541787658433288133e+00 9.768496032191702483e-01
1.624778638630777872e+00 9.779434999147413876e-01
1.663890240846080282e+00 9.572305922589178229e-01
1.700879155816119148e+00 9.574362540221266205e-01
1.767423378603711459e+00 9.543609596660206362e-01
1.803495883146203349e+00 9.775381208267530653e-01
1.843970115652179276e+00 9.662173831862159723e-01
1.888286009135309529e+00 9.480824469615916072e-01
1.936011182449860479e+00 9.684159404981937946e-01
1.986443116049406488e+00 9.715320447519413261e-01
2.038852208075957240e+00 9.564144278104420582e-01
2.092507506553334284e+00 9.708493366208740261e-01
2.146628116336727121e+00 9.672888388424474293e-01
2.200423719269718692e+00 9.544836634381523854e-01
2.253131561547649486e+00 9.618224938696026127e-01
2.304023256549871501e+00 9.624139386195954549e-01
2.352384616310979393e+00 9.632128623039015736e-01
2.397468052317495157e+00 9.509160952272920353e-01
2.433166006103954615e+00 9.607492910064919789e-01
2.469076000961292205e+00 9.577799988347593940e-01
2.504051145730346484e+00 9.742360576625683777e-01
2.544641750003654668e+00 9.500342391801643860e-01
2.591850155455440508e+00 9.564351499416196001e-01
2.644719190684686083e+00 9.476923084072320647e-01
2.702671304130335628e+00 9.608911149774543858e-01
2.764953744268144220e+00 9.574201687373488090e-01
2.830559020192731090e+00 9.308786535561142106e-01
2.897978461774986858e+00 9.566981380412167280e-01
2.964809841744857621e+00 9.464767255112559452e-01
3.020072124513797807e+00 9.477496619817064039e-01
3.065724403992540203e+00 9.526093203165204581e-01
3.112756377296270305e+00 9.518816558221595558e-01
3.155407507595362482e+00 9.469686265276939796e-01
3.208355142750052735e+00 9.322474801512317111e-01
3.272868844750973949e+00 9.397158590195625605e-01
3.427282106581092336e+00 9.424297169848649958e-01
3.514531771383221148e+00 9.405410686526498587e-01
3.607007431813800569e+00 9.184287167573482735e-01
3.704041941052012898e+00 9.341690091633959581e-01
3.805034002896603429e+00 9.270218166360766343e-01
3.909373833182478553e+00 9.134884489654399031e-01
4.125581643497932660e+00 9.236041468263184173e-01
4.236157309797533799e+00 9.154311502551724100e-01
4.347509286296463493e+00 9.108968789064485483e-01
4.458964293810416812e+00 9.304906421109077064e-01
4.569801561103179033e+00 9.162010728626841516e-01
4.679209148144510166e+00 9.115304625132061300e-01
4.786227231316444453e+00 9.344984675161279730e-01
4.889680477214245258e+00 9.213775398044385945e-01
4.988101142215771056e+00 9.058080296351564975e-01
5.070387257588468977e+00 8.886361830919407012e-01
5.142356749756864964e+00 9.293677762516217022e-01
5.200273183488690165e+00 9.245279440348654898e-01
5.260538957968599050e+00 9.093505187986323790e-01
5.319981444742581722e+00 9.068776869433435861e-01
5.393770635750563258e+00 9.068857080402475956e-01
5.482891145406163069e+00 9.094560713202718416e-01
5.583564391576976149e+00 9.026652243372336182e-01
5.693032262702888424e+00 9.034170525178244482e-01
5.807971131281422394e+00 9.021271408791006197e-01
5.911254311592015753e+00 9.082482263261447697e-01
6.015842750622272916e+00 9.035760717040349776e-01
6.119337003100846495e+00 8.857481871935718454e-01
6.241751648825134779e+00 9.142585771152516028e-01
6.375254733272186947e+00 8.966880850637077849e-01
6.512254603627912530e+00 9.060885042004035439e-01
6.650734010364445226e+00 8.884786037502839795e-01
6.789060980754474173e+00 8.869366039736311658e-01
6.926104336175099796e+00 8.854769619509492706e-01
7.060947466456815924e+00 8.994937104068860823e-01
7.192295776668232499e+00 9.016914181185268218e-01
7.318353059587594522e+00 8.704857008367112847e-01
7.436707767299433058e+00 8.798630256317202525e-01
7.528882016771966335e+00 8.760458666182345810e-01
7.604049682101123864e+00 8.859090861844172160e-01
7.682098047450471867e+00 8.879526681705299795e-01
7.759615265752509039e+00 8.809592196488081894e-01
7.855663038355229055e+00 8.831758819349940781e-01
7.970951738891018046e+00 9.014689644267812607e-01
8.100113058349123207e+00 8.847252444519738690e-01
8.239341766629543429e+00 8.868641795431849717e-01
8.385081189357217468e+00 8.777819308117748021e-01
8.534500177217442030e+00 8.628654659819434691e-01
8.685642027511100594e+00 8.666806210533811727e-01
8.836992583451765526e+00 8.861073744002867514e-01
8.987241929464234502e+00 8.515547852534822715e-01
9.135049834300181359e+00 8.800282508013256288e-01
9.263850599532485575e+00 8.657150529360515545e-01
9.394268481250609426e+00 8.772958381554767371e-01
9.527590826580006222e+00 8.610827802749686510e-01
9.658113807656725669e+00 8.639224401254512742e-01
9.781706844264606460e+00 8.648822458069769237e-01
9.882088169496636709e+00 8.651742390766177238e-01
1.007559600078753270e+01 8.679376055071440499e-01
1.018026900025206949e+01 8.797180638847619250e-01
1.027942399767477788e+01 8.553517686945930620e-01
1.037990563147176104e+01 8.662146460026474148e-01
1.047885640474575553e+01 8.635551657742039922e-01
1.059797451147611014e+01 8.649695665974204140e-01
1.073681235408654899e+01 8.564187663025164543e-01
1.089062139424267173e+01 8.568918475348493713e-01
1.105724193707967729e+01 8.634147049799061335e-01
1.123448111644098013e+01 8.570044919824296725e-01
1.142046316394337957e+01 8.402803143189864210e-01
1.161357215944429200e+01 8.566144595266086403e-01
1.181194892128593210e+01 8.622399826267558298e-01
1.201334750777732552e+01 8.574876722050839284e-01
1.221504558541269247e+01 8.503897362906669422e-01
1.241366747615739818e+01 8.526128475600837087e-01
1.260475782184425597e+01 8.513586166413479317e-01
1.274989528555691543e+01 8.497932395668170713e-01
1.289981220035089926e+01 8.561314734264471316e-01
1.304292275693606484e+01 8.483249922178721647e-01
1.319462313586132396e+01 8.467629678092251089e-01
1.330214196448015684e+01 8.328165303431220856e-01
1.341059178837200605e+01 8.468349472271169409e-01
1.369760955833581839e+01 8.297990361049141228e-01
1.408311276521308919e+01 8.434006388898735995e-01
1.429994209516874726e+01 8.460537848326955546e-01
1.452650285528141794e+01 8.538452914066364530e-01
1.475895498295011876e+01 8.379542503239938434e-01
1.499384524158792509e+01 8.426006788572388828e-01
1.522787532159204638e+01 8.309885905072086354e-01
1.545763863255095849e+01 8.254554841064982718e-01
1.567923142852015950e+01 8.297281344991923602e-01
1.586320025787501642e+01 8.353372574891207991e-01
1.604850128789357200e+01 8.243095823106695308e-01
1.622909577126123892e+01 8.403379494836671348e-01
1.641371494660666031e+01 8.299070937868588960e-01
1.655031971417278669e+01 8.324599398779282122e-01
1.669090603582182553e+01 8.157230870304835735e-01
1.681885026706292408e+01 8.169941034771340815e-01
1.697431636929749388e+01 8.181950279936943682e-01
1.716342225838267765e+01 8.244436951963655114e-01
1.737853744636385045e+01 8.334066525157283190e-01
1.761497047208998978e+01 8.257738817917127383e-01
1.786781911808902024e+01 8.103441478686150834e-01
1.813243524471014823e+01 8.234823856135269349e-01
1.840485978421079594e+01 8.292698203370173493e-01
1.868121233786983737e+01 8.047686773914433100e-01
1.895756533490306950e+01 8.300867950882639956e-01
1.922993919660357776e+01 8.187385631720718315e-01
1.949419805225713631e+01 8.026890924714679132e-01
1.974588729233995821e+01 8.028184132529895267e-01
1.995606483285370203e+01 8.265620496329324496e-01
2.013926456121829389e+01 8.103425074206058731e-01
2.029285103396258805e+01 8.268840548606015695e-01
2.044418507572640920e+01 8.114487953770777029e-01
2.062434509684392836e+01 8.083618311358847786e-01
2.083050672925270064e+01 8.084007462705546931e-01
2.102617007464524335e+01 8.174077164238405802e-01
2.121021329103230357e+01 8.189924885913151265e-01
2.143360858561997162e+01 8.144457993151635877e-01
2.169003030552085320e+01 8.095292210037561276e-01
2.196874659419699327e+01 8.051893285564268865e-01
2.226374648431047021e+01 8.060282450154542255e-01
2.256756141615780109e+01 7.901826089397562258e-01
2.287403422276000597e+01 8.017829858527151243e-01
2.317816789055634530e+01 8.074053247976546999e-01
2.347504000302212290e+01 8.096004121015015764e-01
2.375951964760796642e+01 8.076143892651039824e-01
2.402585189628378615e+01 7.955845485841063214e-01
2.423216096305682399e+01 7.989902740459517982e-01
2.441818233662027993e+01 8.045260076057797471e-01
2.459617847148444980e+01 7.980013896006729057e-01
2.481080101517694914e+01 8.114300418622697464e-01
2.506000609241344534e+01 7.985157980875068340e-01
2.532273701732709270e+01 8.060647043385354982e-01
2.552371392879050305e+01 8.014681742451973401e-01
2.573163174546712995e+01 7.901147694546408751e-01
2.594137745715058685e+01 7.964763611293321777e-01
2.618574249632249362e+01 7.809146630446212045e-01
2.644112177737629210e+01 7.970460646967002516e-01
2.672462863701505142e+01 7.967466726256343668e-01
2.703184587306467535e+01 7.914252891430786363e-01
2.734832434867389850e+01 7.876489387330672942e-01
2.766460443145797399e+01 7.946419374229547472e-01
2.797194263302718653e+01 7.843357675771883697e-01
2.822817260163786557e+01 7.897813426230831935e-01
2.848563118166482155e+01 7.886648151827203579e-01
2.874055563833087490e+01 8.088059300932072260e-01
2.895492582183144847e+01 7.946656405812202451e-01
2.916118600882797196e+01 7.838123836485424434e-01
2.940579668080134468e+01 7.988238776096658889e-01
2.968278086619933731e+01 7.925117836955091200e-01
2.997715876600640783e+01 7.849238177993357324e-01
3.027117172636538456e+01 7.922614331000523702e-01
3.049748500408058760e+01 7.848640990582040899e-01
3.072837520074007145e+01 7.791584291748029356e-01
3.095898743526964481e+01 7.793443384493959902e-01
3.122779340893854538e+01 7.701048717549792144e-01
3.153363989546007673e+01 7.789416954433764362e-01
3.186158147166739241e+01 8.090577222628595466e-01
3.220086670046327981e+01 7.847903313247160950e-01
3.254221249517696890e+01 7.871826144412255033e-01
3.287801822009182473e+01 7.783466891703284540e-01
3.320205884646073713e+01 7.750592562540941088e-01
3.350809206336659685e+01 7.849933286839678725e-01
3.375358695882714244e+01 7.823344297822667492e-01
3.400048556865301208e+01 7.687239308668289972e-01
3.426316498555810597e+01 7.766769961657504773e-01
3.455029876838171532e+01 7.776651673192255254e-01
3.484796221956365514e+01 7.860093927794801205e-01
3.509717836257688361e+01 7.770089799355891502e-01
3.534830511781647289e+01 7.902686617721752516e-01
3.560008050722001371e+01 7.898136833361260045e-01
3.588403433239076179e+01 7.754101013800075437e-01
3.619521366493373904e+01 7.857507657076489016e-01
3.651695579477647868e+01 7.835217482372232034e-01
3.683545335000621890e+01 7.892526214807750184e-01
3.713760965084142640e+01 7.788175773337108199e-01
3.738220667602966785e+01 7.845139349118317451e-01
3.761892476676214159e+01 7.800861686100009074e-01
3.788924566911540381e+01 7.669285812029390526e-01
3.817933133274563318e+01 7.853749601658199797e-01
3.846657515075443001e+01 7.796701453573233742e-01
3.874678153427832683e+01 7.887058507309218092e-01
3.905290235417496802e+01 7.871496775466935159e-01
3.938094060884061065e+01 7.822167905717506420e-01
3.971980950815216005e+01 7.772491093222824166e-01
4.005913534664787790e+01 7.746867594903118492e-01
4.038620442320271309e+01 7.735449928892473848e-01
4.068848214485597481e+01 7.823954604010028291e-01
4.099466966904230958e+01 7.837462042203398038e-01
4.133195348860522245e+01 7.740492077896646839e-01
4.169851532895246038e+01 7.713087062269021743e-01
4.208989319372241056e+01 7.872943145395246978e-01
4.250247556570818830e+01 8.068470573216526276e-01
4.293268742550719708e+01 7.687176866806145759e-01
4.337810389450513782e+01 7.726910131162627593e-01
4.430805451035462994e+01 7.796597459250794726e-01
4.478982959171686673e+01 7.798233374813127172e-01
4.528112616393477197e+01 7.707434849580784286e-01
4.578075980168046755e+01 7.816564942899657531e-01
4.628761566440484643e+01 7.987501509584219450e-01
4.680066055158093974e+01 7.921794862684891081e-01
4.731894988580759787e+01 7.760853797332941673e-01
4.784163159765351025e+01 8.006154319010023723e-01
4.836794669749433240e+01 7.776669441887524847e-01
4.889722728931492668e+01 7.902065787629681815e-01
4.942889272151641933e+01 7.936380275731970135e-01
4.996244427804207788e+01 7.842082160934973345e-01
5.049745885252682598e+01 7.906916860732399188e-01
5.103358204681661903e+01 7.712204433837211992e-01
5.157052107671937335e+01 7.833615904511992412e-01
5.210803779679885395e+01 7.892719049592440417e-01
5.264594207084240196e+01 7.829413857332045978e-01
5.318408563298765301e+01 8.067590148482172152e-01
5.372235651662887079e+01 7.884753936767162630e-01
5.426067407604573134e+01 7.826667867598466888e-01
5.479898459020090229e+01 8.012038715388402066e-01
5.533725741543631926e+01 7.862580558084779625e-01
5.587548164041297127e+01 8.011983005075403730e-01
5.641366319068076507e+01 7.864758056215090942e-01
5.695182232920519994e+01 7.960294190331005382e-01
5.748999150079208675e+01 7.804864883048870938e-01
5.802821347122176832e+01 7.824949921112881457e-01
5.856653971665350866e+01 7.929151381093032525e-01
5.910502902319718288e+01 7.911340098884284133e-01
5.964374626074187802e+01 7.833660790957972520e-01
6.018276129884758063e+01 8.025843835258763548e-01
6.072214803766320301e+01 8.007269627951463242e-01
6.126198352790679280e+01 8.053425706432574271e-01
6.180234715864497019e+01 7.792684599240418120e-01
6.234331989334619095e+01 8.014353328949045396e-01
6.288498353655009510e+01 8.059839867586083839e-01
6.342742001597358126e+01 7.964539413724256445e-01
6.397071066596782174e+01 8.016046506338676547e-01
6.451493550040520120e+01 8.000512608098167000e-01
6.506017246371504825e+01 7.992323487621507683e-01
6.615397949513938158e+01 7.943759423024356892e-01
6.670268789811058241e+01 8.165522362743447005e-01
6.725268333336100568e+01 7.939245121211984113e-01
6.780402088987020193e+01 8.193171417054352368e-01
6.835674827912349372e+01 8.000560327912952241e-01
6.891090480679038421e+01 8.129966118588589641e-01
6.946652032284225697e+01 8.225653480491779135e-01
7.002361416760956558e+01 8.238216372190235726e-01
7.058219413820249599e+01 8.065412982690288723e-01
7.114225550545461374e+01 8.098375459353694961e-01
7.170378011748482550e+01 8.076116531218702210e-01
7.226673563254279031e+01 8.224452925448438867e-01
7.283107492721579490e+01 8.125541763917903948e-01
7.339673572976688831e+01 8.137088913074834728e-01
7.396364052712560522e+01 8.148954408383318748e-01
7.567082241617876548e+01 8.141027166530366843e-01
7.624163882054833152e+01 8.132244473279035546e-01
7.681310387728190392e+01 8.154650885836646212e-01
7.738506641178267387e+01 8.217816647934703678e-01
7.852985237091222359e+01 8.247883412814193127e-01
7.910235455452020403e+01 8.339488972238725539e-01
7.967471724121944021e+01 8.250666321115459612e-01
8.024678667902441020e+01 8.300467560963783464e-01
8.081841656163993548e+01 8.261852835157434960e-01
8.138947028982836684e+01 8.242545886994451232e-01
8.195982291102582451e+01 8.366098958482883763e-01
8.252936268432728184e+01 8.335712159723034365e-01
8.309799224712372734e+01 8.342413468739701132e-01
8.366562938060292254e+01 8.306230191934066420e-01
8.423220739536374424e+01 8.414354673519037764e-01
8.479767516686824536e+01 8.333129324644926728e-01
8.536199686711661627e+01 8.272992633974834975e-01
8.592515144368483959e+01 8.257834486233265325e-01
8.648713189924910694e+01 8.329477384699125464e-01
8.704794442387063214e+01 8.425904117107926306e-01
8.760760742848988514e+01 8.371383351898368241e-01
8.816615052233309768e+01 8.242393729169292804e-01
8.872361347071355908e+01 8.487678925643650230e-01
8.928004516256388001e+01 8.387474835426541597e-01
8.983550261085984801e+01 8.357258750627387656e-01
9.039005000294257286e+01 8.353144842553799077e-01
9.094375781246009183e+01 8.486290683823193293e-01
9.149670198048779923e+01 8.508907890780785799e-01
9.204896316942181045e+01 8.439422630951948223e-01
9.260062609065811046e+01 8.333355041365088089e-01
9.315177890510709346e+01 8.535626331592816030e-01
9.370251269365587632e+01 8.489320678661691488e-01
9.425292099394974343e+01 8.489593186147689208e-01
9.480309939915507300e+01 8.413705272571238014e-01
9.535314521403000754e+01 8.358872751762754794e-01
9.590315716319912553e+01 8.585988273375346758e-01
9.645323514721718539e+01 8.592812651837772320e-01
9.700348004149321923e+01 8.471517356643675223e-01
9.755399353384751748e+01 8.470003640757992613e-01
9.810487799651146190e+01 8.448437071469465653e-01
9.865623638890166092e+01 8.317420273086747473e-01
9.920817218759977152e+01 8.455821206467952766e-01
9.976078934032425138e+01 8.592504401391350966e-01
1.003141922412930427e+02 8.529906810704359632e-01
1.014237750766359625e+02 8.553703922390646364e-01
1.019801660561210781e+02 8.399289699234865347e-01
1.025377649352639793e+02 8.425849443886169743e-01
1.030966785449763705e+02 8.639572956450611851e-01
1.036570143317963613e+02 8.462567470329674935e-01
1.042188804220208027e+02 8.533311164269721250e-01
1.047823856924021726e+02 8.558579505621872752e-01
1.053476398459404777e+02 8.585276282395604142e-01
1.059147534919833333e+02 8.547134340737659874e-01
1.064838382295342711e+02 8.574836163613533957e-01
1.070550067327772581e+02 8.667039662901219188e-01
1.076283728379947888e+02 8.426483167907158345e-01
1.082040516312713549e+02 8.526495557605151543e-01
1.087821595358781792e+02 8.428003043857705823e-01
1.099461355759407439e+02 8.625627203769443696e-01
1.111212623344428607e+02 8.648377932779051092e-01
1.117133149027127814e+02 8.558768763262085688e-01
1.123085279084498893e+02 8.639311603487567215e-01
1.129070294301800601e+02 8.583911916725365243e-01
1.135089494996814494e+02 8.605839171696143541e-01
1.141144201600853592e+02 8.578658344423674142e-01
1.147235755186458448e+02 8.480319932663908933e-01
1.159534873525655172e+02 8.694276845282999933e-01
1.165745227501842436e+02 8.725565095652969561e-01
1.171998007513179516e+02 8.477014609658729549e-01
1.178294663530637933e+02 8.652440535792159659e-01
1.184636667977598421e+02 8.577678239966674001e-01
1.191025515791152714e+02 8.646354811024855591e-01
1.197462724417458162e+02 8.658406972999000972e-01
1.203949833735531172e+02 8.788933337566713355e-01
1.210488405914518637e+02 8.662248239464915844e-01
1.217080025204765121e+02 8.637672440472116131e-01
1.223726297664845504e+02 8.658649159851342647e-01
1.230428850825476417e+02 8.803865711014343676e-01
1.237189333290121027e+02 8.552681137617220708e-01
1.250890783095699561e+02 8.641830058473833898e-01
1.257835148568916424e+02 8.741193396582797037e-01
1.264844238377033037e+02 8.670418769699520523e-01
1.271919798339203282e+02 8.616079145513874105e-01
1.279063591611185444e+02 8.493610008886010032e-01
1.286277397786098220e+02 8.689234862482198007e-01
1.293563011889787333e+02 8.658413052649003294e-01
1.300922243238004512e+02 8.647092846168832336e-01
1.308356914131168196e+02 8.591793120830221175e-01
1.315868858350190749e+02 8.740071911640394653e-01
1.323459919406646463e+02 8.649738514860255689e-01
1.331131948489997399e+02 8.561474464418243890e-01
1.338886802053166605e+02 8.563545846516752436e-01
1.354652417069398211e+02 8.553286825158223916e-01
1.362666889273436652e+02 8.529638358808154797e-01
1.370771598682917158e+02 8.488358190926642566e-01
1.378968373031580086e+02 8.684235961180616359e-01
1.387259018048796122e+02 8.619423521669280497e-01
1.404128985149131381e+02 8.531061210962962438e-01
1.412711732290382258e+02 8.744823824121353839e-01
1.421395177730268529e+02 8.530982184172528626e-01
1.430180873087416273e+02 8.465479519545273668e-01
1.439070279532703864e+02 8.578136236023936601e-01
1.448064750516273591e+02 8.506230766813178690e-01
1.457165512692551772e+02 8.546812221931012754e-01
1.466373645133575110e+02 8.512060651590858118e-01
1.475690057010276348e+02 8.527475558141893730e-01
1.485115464043068414e+02 8.509353211581722753e-01
1.494650364160211495e+02 8.755672625324107949e-01
1.504295012950432522e+02 8.671341254009112820e-01
1.514049399665509270e+02 8.622505244665750190e-01
1.523913224682723353e+02 8.530526816801771162e-01
1.533885879491419075e+02 8.484667098844639321e-01
1.543966430377835195e+02 8.435552925638646338e-01
1.554153607049901211e+02 8.358562905998644377e-01
1.564445797425604496e+02 8.535879117606696154e-01
1.574841049711576773e+02 8.518836886085497939e-01
1.585337082684341397e+02 8.430958720027864617e-01
1.595931304771490886e+02 8.591825320721092618e-01
1.606620842113646859e+02 8.455731424271730745e-01
1.617402575300331762e+02 8.462021317963241973e-01
1.628273183950490477e+02 8.394462945320276814e-01
1.639229197806623120e+02 8.505249518024475819e-01
1.650267052573200317e+02 8.425450281028781241e-01
1.661383148423608134e+02 8.334135510150872950e-01
1.672573908937150122e+02 8.355255008757882518e-01
1.695165574390075278e+02 8.504582812628836974e-01
1.706559937095274790e+02 8.475667729417061258e-01
1.718015968842785810e+02 8.307297085350064947e-01
1.729530968303067766e+02 8.285123384000034896e-01
1.741102515898955119e+02 8.464737401964016472e-01
1.752728491601042720e+02 8.503760464793413965e-01
1.764407085434301052e+02 8.244029179412823982e-01
1.776136801448210178e+02 8.412484718906687586e-01
1.787916456069734750e+02 8.353669512310237799e-01
1.799745171839558964e+02 8.374025051797406860e-01
1.811622367540619223e+02 8.358814360807343968e-01
1.823547745686369410e+02 8.303150023702385862e-01
1.835521278223653781e+02 8.271893542386011822e-01
1.847543191214816147e+02 8.368440889744025446e-01
1.859613949134899258e+02 8.286459138642341404e-01
1.871734239291993447e+02 8.284047324077054020e-01
1.883904956772692856e+02 8.228701384724738110e-01
1.896127190209365381e+02 8.161176432513063128e-01
1.908402208589489248e+02 8.132237464428507812e-01
1.920731449238393225e+02 8.261631305890813071e-01
1.933116507071085550e+02 8.157769766588065519e-01
1.945559125145357200e+02 8.150535684785579216e-01
1.958061186526155097e+02 8.290597701473613190e-01
1.970624707452479925e+02 8.171515961712138010e-01
1.983251831762640904e+02 8.298998568364259754e-01
1.995944826547733726e+02 8.053445392311968654e-01
2.008706078990219908e+02 8.328877002479410097e-01
2.021538094331165496e+02 8.159751715676546446e-01
2.034443494942197788e+02 8.203836813518269322e-01
2.047425020442514665e+02 8.158680208368764841e-01
2.060485528847014791e+02 8.038461331912095664e-01
2.073627998720291430e+02 8.222403973676174482e-01
2.086855532320047644e+02 8.208325870904058519e-01
2.100171359723788385e+02 7.944602084071847869e-01
2.113578843943473657e+02 8.007965866535676769e-01
2.140682937377020494e+02 8.031419234206382818e-01
2.154386997680522882e+02 7.987174064545421448e-01
2.168197634599297032e+02 7.980197916233304767e-01
2.182118989196650034e+02 8.090069729044647717e-01
2.196155388832097799e+02 7.985051165779254445e-01
2.210311360416208117e+02 8.121347992969613072e-01
2.224591645178072952e+02 8.002956606267904727e-01
2.239001215078393727e+02 8.081715807904990001e-01
2.253545291038615517e+02 7.994397496762474242e-01
2.268229363180645066e+02 7.915259172936588428e-01
2.283059213280075141e+02 7.837441837236707176e-01
2.298040939711975170e+02 7.956074456089866631e-01
2.313180985156219833e+02 7.891325898988863496e-01
2.328486167392473760e+02 7.842099140121135958e-01
2.343963713599725054e+02 7.713864824858009950e-01
2.359621298545454522e+02 7.946624332300479265e-01
2.375467087186012805e+02 7.882220742732887198e-01
2.391509782214145048e+02 7.845131754017289349e-01
2.407758677200972670e+02 7.931029036205686777e-01
2.424223716002921947e+02 7.768312546763521675e-01
2.440915559223629145e+02 7.750653248010067609e-01
2.457845658554335841e+02 7.608148876719234011e-01
2.475026339886787241e+02 7.719464591683414811e-01
2.492470896095034334e+02 7.627136330403653242e-01
2.510193690357191372e+02 7.805167100665801883e-01
2.528210270729913987e+02 7.571512003551001957e-01
2.546537496391853210e+02 7.528262067032052141e-01
2.565193675355418463e+02 7.541490947376753295e-01
2.584198712460865863e+02 7.524231264063963032e-01
2.603574264705388259e+02 7.502746663247404912e-01
2.623343898172004174e+02 7.658295009432417588e-01
2.643533236249365359e+02 7.636992132023153745e-01
2.664170081786375022e+02 7.594942086233410494e-01
2.685284484632421709e+02 7.457521508452387149e-01
2.706908709160389890e+02 7.557164613608263748e-01
2.729077031030325884e+02 7.522484406360335774e-01
2.751825256256471448e+02 7.257651007166324719e-01
2.775189806634207343e+02 7.319608313874118588e-01
2.799206156657132283e+02 7.332294198752579151e-01
2.823906352725191482e+02 7.302415894207875402e-01
2.849315336311599367e+02 7.361023471635145254e-01
2.875445912740050858e+02 7.312138901575200300e-01
2.902292589812890924e+02 7.288996653430376282e-01
2.929825276144121631e+02 7.270988548040193677e-01
2.957984884586007865e+02 7.362397025631672864e-01
2.986683618060661161e+02 7.264360696772113046e-01
3.015812007872858089e+02 7.327633375920639125e-01
3.045251992961955807e+02 7.145641394960245973e-01
3.074891766617162716e+02 7.107421580705033382e-01
3.104636592263902344e+02 7.154689481422895625e-01
3.134411698244729791e+02 7.123928754727845147e-01
3.164157007509372761e+02 7.120119382343360614e-01
3.193816250263798793e+02 6.958477505101418048e-01
3.223324160182484661e+02 7.104692165958235162e-01
3.252595818018329510e+02 7.035961294126461540e-01
3.281522389073765567e+02 6.906221325223346197e-01
3.309976674592350037e+02 6.935653889270657624e-01
3.364965174558719241e+02 6.852089559062389812e-01
3.391307323451487150e+02 6.849381745241213126e-01
3.416816178067898591e+02 6.943318992628187969e-01
3.441489963330533897e+02 6.885755481306284898e-01
3.465354768074391814e+02 6.906695102067529346e-01
3.488454092603978438e+02 6.981955810826445674e-01
3.510840034715880620e+02 6.865028997454930559e-01
3.532567106237731878e+02 6.728957704511030480e-01
3.553688492344886640e+02 6.756947135916429037e-01
3.574254114072711559e+02 6.900127585899776816e-01
3.594309838895892426e+02 6.822086250718032430e-01
3.613897340733092278e+02 6.809858545242803984e-01
3.633054286763799610e+02 6.735981345101901274e-01
3.651814664889526512e+02 6.742148621804232578e-01
3.688265488117570499e+02 6.743502593587198390e-01
3.706008798148721439e+02 6.788273589616102832e-01
3.740645649094689702e+02 6.826044845898213698e-01
3.757579016993981895e+02 6.795041536064152510e-01
3.790763038455961578e+02 6.772386434392179133e-01
3.807044557124740436e+02 6.673659578449302465e-01
3.823137739770418193e+02 6.866852894447293965e-01
3.839055333051251750e+02 6.757144804014847406e-01
3.854809216534320058e+02 6.765541559376115899e-01
3.870410496159695413e+02 6.812193089130575974e-01
3.885869586523078851e+02 6.751855386585918772e-01
3.901196283569539105e+02 6.905529991799538303e-01
3.916399829047402932e+02 6.852218168126259501e-01
3.931488967857707166e+02 6.629471942840849952e-01
3.946471999314472896e+02 6.739064468353387349e-01
3.961356823148563535e+02 6.717221500261043587e-01
3.976150980991494066e+02 6.772048248194246778e-01
3.990861693966276107e+02 6.790092304387255195e-01
4.005495896935927931e+02 6.822525127286223068e-01
4.020060269869755984e+02 6.735457386674305047e-01
4.034561266766244216e+02 6.757902852608697053e-01
4.049005142471016825e+02 6.803703473865252427e-01
4.077745702756490118e+02 6.807483432724954486e-01
4.092054119552577163e+02 6.881961572148019846e-01
4.106328923264666741e+02 6.637995971726742273e-01
4.120575722721615080e+02 6.718329069837408740e-01
4.134800060389873693e+02 6.837553838184526889e-01
4.163203305415066211e+02 6.896388262253124735e-01
4.177393140639051126e+02 6.820454009780053672e-01
4.191582408241997655e+02 6.889560785330879344e-01
4.205776609189964574e+02 6.966851522835035837e-01
4.219981294498133479e+02 6.825818338638867111e-01
4.234202085402632179e+02 6.842443913470717121e-01
4.248444694062748681e+02 6.886837752448319305e-01
4.262714944888109017e+02 6.921322390691432291e-01
4.277018796569772690e+02 6.885686972001432427e-01
4.305751945943358123e+02 7.019773147665421265e-01
4.320194040846004100e+02 6.943616613113379188e-01
4.334695379868061309e+02 7.048638350571503342e-01
4.349262947639962817e+02 6.983186683206477063e-01
4.363904007855639406e+02 6.885062447076373271e-01
4.378626127163959154e+02 7.001795663171268558e-01
4.393437197200657351e+02 7.089320121441465838e-01
4.408345453273443013e+02 7.171127625668263228e-01
4.423359487572948296e+02 7.090062227315920840e-01
4.438488253880089474e+02 6.989305949400245188e-01
4.453741059510086870e+02 7.051638226394556508e-01
4.469127538505292137e+02 7.134393171046088389e-01
4.484657597847420334e+02 7.151145914324841257e-01
4.516188844544320773e+02 7.107968818575587377e-01
4.532210095216117338e+02 7.073909289697957181e-01
4.548414516548933761e+02 7.088582532888155763e-01
4.564810599709298913e+02 7.071424512689404862e-01
4.581405276841367140e+02 7.033542634437105479e-01
4.598203113162510931e+02 7.140966919429749815e-01
4.632408335042125600e+02 7.155691013802959466e-01
4.649802840991160338e+02 7.244784704319037205e-01
4.667372063577541894e+02 7.207553045142252035e-01
4.685090967642569808e+02 7.251334527037637256e-01
4.702925944044986863e+02 7.259196979864446231e-01
4.720835646437257083e+02 7.192676136191841207e-01
4.738773156030840710e+02 7.236151469060638775e-01
4.756689321669287551e+02 7.378967196689255603e-01
4.774536690593463959e+02 7.118018127337809586e-01
4.792273183059995176e+02 7.285014805810395844e-01
4.809864743095342305e+02 7.301867896860732010e-01
4.827286577169288648e+02 7.235583660345297208e-01
4.844523050357950638e+02 7.437783864707521175e-01
4.861566624343222998e+02 7.235799061042452740e-01
4.878416312641200534e+02 7.387949975140627457e-01
4.895076049786762837e+02 7.231663008713128393e-01
4.911553223773315153e+02 7.226880701546443131e-01
4.927857482644656670e+02 7.250467898339068018e-01
4.943999830854432389e+02 7.315695630918847003e-01
4.975845906796544114e+02 7.411685226934443538e-01
4.991573551290236423e+02 7.338104296855033626e-01
5.007186637917473604e+02 7.448101117978621621e-01
5.022696560778935577e+02 7.427667364037521258e-01
5.038114324620136699e+02 7.385899236078813379e-01
5.053450519458797316e+02 7.286627341737395014e-01
5.068715317921107726e+02 7.341718788727822353e-01
5.083918487194873705e+02 7.321313774563270593e-01
5.099069410116375707e+02 7.455150111033752580e-01
5.114177111653571615e+02 7.457810647708205121e-01
5.129250288293487756e+02 7.392871956617959039e-01
5.144297338689017351e+02 7.320848312151324588e-01
5.159326394486683967e+02 7.242881311642254127e-01
5.174345350687118525e+02 7.326520914732701506e-01
5.189361895149493193e+02 7.497788610206473914e-01
5.204383537030423668e+02 7.239076345656413336e-01
5.219417634107485355e+02 7.366101157909322739e-01
5.234471418954834689e+02 7.338399592950235473e-01
5.249552024071346068e+02 7.386749833414089084e-01
5.264666506044908374e+02 7.529208747253673950e-01
5.279821868857396794e+02 7.407764278031390148e-01
5.295025086476290426e+02 7.414473022486169906e-01
5.310283124859126929e+02 7.462631884837739316e-01
5.325602963518970228e+02 7.409079812614106642e-01
5.340991616771015060e+02 7.365857806260114327e-01
5.356456154818047253e+02 7.271378670082617734e-01
5.372003724794383288e+02 7.410514633458096245e-01
5.387641571906198124e+02 7.325658476228151805e-01
5.403377060807631551e+02 7.477428585942897943e-01
5.419217697321774949e+02 7.299372096273120114e-01
5.435171150646835940e+02 7.351249503087240456e-01
5.451245276163703011e+02 7.351879251194015641e-01
5.467448138961071891e+02 7.389774985395137774e-01
5.483788038183879507e+02 7.527157422388163210e-01
5.500273532305064919e+02 7.425689069976683099e-01
5.516913465418629130e+02 7.303606028663970351e-01
5.533716994607132165e+02 7.412598581869243031e-01
5.550693618422353666e+02 7.564796981376944451e-01
5.585206030210275685e+02 7.325305583479271299e-01
5.602762794288323676e+02 7.339629388890249739e-01
5.620534669109149490e+02 7.310645014630090532e-01
5.638533323306994589e+02 7.314066214941543631e-01
5.656770956122659300e+02 7.390266431529636248e-01
5.675260328606649409e+02 7.241525985289615219e-01
5.694014792465908386e+02 7.349054595054459460e-01
5.713048314793253439e+02 7.252429192466893770e-01
5.732375496252703897e+02 7.356667662444207334e-01
5.752011579351101318e+02 7.380704833747728788e-01
5.771972442171393141e+02 7.242564704222466121e-01
5.792274571313656679e+02 7.364957817713733146e-01
5.833971239035815870e+02 7.298176153246271891e-01
5.855401068877979469e+02 7.320341678211844672e-01
5.877242368337434755e+02 7.260041862956380099e-01
5.899512760734810399e+02 7.295249957679399433e-01
5.922229164532789127e+02 7.247178053540143106e-01
5.945407174795628862e+02 7.229641928678851581e-01
5.969060243983798273e+02 7.217033949626170397e-01
5.993198628562224712e+02 7.231425130512987298e-01
6.017828082433240979e+02 7.333579336117377334e-01
6.042948310848142910e+02 7.218459552808035307e-01
6.068551256283540170e+02 7.309455581559879400e-01
6.094619374299657011e+02 7.172992786966928547e-01
6.121124163777967624e+02 7.233841154402363971e-01
6.148025312794753745e+02 7.193664262538789211e-01
6.175270854309673041e+02 7.068052826994037918e-01
6.202798632024105245e+02 7.327939324990820902e-01
6.230539126045514422e+02 7.182197165227603985e-01
6.258419331422680898e+02 7.217560127142605975e-01
6.286367059654133982e+02 7.184315555953274535e-01
6.314314902145908945e+02 7.067876644842865375e-01
6.342203224154820873e+02 7.272273437332033019e-01
6.369981875792119581e+02 7.124196796281423438e-01
6.397610655740754737e+02 7.081370025648399125e-01
6.425058807820553284e+02 7.118672563811606624e-01
6.452303922103452578e+02 7.085004325641924838e-01
6.479330580738691197e+02 7.135924702123562779e-01
6.506128995154439281e+02 7.274665346063463600e-01
6.532693778760345822e+02 7.164156079521946108e-01
6.559022917104049384e+02 7.180113104031877747e-01
6.585116943875025299e+02 7.048651405516362933e-01
6.610978302731408576e+02 7.139257344710381314e-01
6.636610863816772508e+02 7.142941685936762264e-01
6.662019562744324048e+02 7.117083528255940816e-01
6.687210133469055791e+02 7.117029892556394621e-01
6.712188911648302110e+02 7.009259204642824814e-01
6.736962690311097504e+02 7.053608570240634812e-01
6.761538613988286670e+02 7.172995755422106878e-01
6.785924101114858331e+02 7.043753751908858884e-01
6.810126787164808775e+02 7.180405725967642372e-01
6.834154483126253581e+02 7.000548094399335897e-01
6.858015145392873819e+02 6.891618888901454021e-01
6.881716854267579038e+02 7.151067556543213577e-01
6.905267799103853577e+02 7.140628724264000970e-01
6.928676268694581495e+02 6.961635432711156257e-01
6.951950645927101959e+02 7.089059342126770025e-01
6.975099406023207393e+02 6.984792103096542082e-01
6.998131117936845840e+02 7.125718755589831588e-01
7.021054448576403502e+02 6.951616939412486040e-01
7.043878169708245878e+02 6.987491851153845301e-01
7.066611167438820758e+02 7.089850775743494760e-01
7.089262454270220815e+02 6.937821254883421718e-01
7.111841183759619298e+02 7.040331861572162175e-01
7.134356667898957767e+02 7.171678698924525142e-01
7.156818397347002474e+02 7.113096950552308950e-01
7.179236064754883273e+02 7.218844359647339504e-01
7.201619591389462585e+02 7.034525271292908499e-01
7.223979157437034928e+02 7.013123179640191607e-01
7.268668633639201744e+02 7.084829214861850799e-01
7.291020531027769493e+02 7.157991512562291714e-01
7.313392536009082505e+02 7.146196667500617217e-01
7.335796738333079929e+02 7.106904384256078622e-01
7.358245773938728007e+02 6.965432555873557474e-01
7.380752897683883020e+02 6.997357469959217813e-01
7.403332066234553395e+02 7.146529688093021804e-01
7.425998032762663570e+02 7.098815729226177762e-01
7.448766455441237895e+02 7.136884396967987376e-01
7.471654022072181078e+02 7.045778604694388214e-01
7.494678593619087223e+02 7.102522672896495193e-01
7.517859369852097871e+02 7.237030075839667731e-01
7.541217080877033823e+02 7.097164384471450482e-01
7.588555243658747713e+02 7.127562184026615677e-01
7.612586979678856096e+02 6.955639031398209715e-01
7.636898853425399238e+02 7.194349663041211818e-01
7.661523328170561626e+02 7.043560996276743147e-01
7.686496320058057563e+02 7.208264980527531174e-01
7.711857653432032293e+02 6.933246860479185258e-01
7.737651512004812275e+02 7.333191582423225219e-01
7.763926813867235524e+02 7.070837326977358339e-01
7.790737365334739479e+02 7.161816286495494843e-01
7.818141513431334033e+02 7.099667798711909450e-01
7.846200773430534809e+02 7.147475262494341619e-01
7.904522947786932718e+02 7.116110276665594814e-01
7.934874565495584875e+02 7.128903698262973876e-01
7.966024649151654557e+02 7.042147714606808995e-01
7.997895733056622021e+02 7.180082292859035764e-01
8.062986656589159793e+02 7.115872258013272722e-01
8.095581020586411114e+02 7.254677644631598588e-01
8.127773826468627476e+02 7.354740530813184129e-01
8.159341586901585970e+02 7.329709621051958557e-01
8.190177751506950017e+02 7.277976893127866553e-01
8.220269486872780362e+02 7.143807684265485181e-01
8.249660924896907090e+02 7.098164803483899554e-01
8.278422450320382495e+02 7.320414560574199925e-01
8.306631229729570123e+02 7.200330020217864391e-01
8.334361303744504994e+02 7.354578076251881980e-01
8.361679791591661797e+02 7.241884985904243344e-01
8.388646248938514418e+02 7.146977078464715749e-01
8.415313325836299327e+02 7.384751063887811107e-01
8.441727784453037202e+02 7.190712595420264419e-01
8.467931489180651852e+02 7.140068085288253652e-01
8.493962256185061506e+02 7.274057634277827367e-01
8.519854557955173959e+02 7.187341214809926937e-01
8.545640108217661464e+02 7.292291156752962467e-01
8.571348353544074143e+02 7.245874922572578258e-01
8.597006892219811789e+02 7.123118460770084814e-01
8.622641835642068600e+02 7.281742504911964398e-01
8.648278124075804953e+02 7.253909885320095619e-01
8.673939806465145921e+02 7.274582410470142868e-01
8.699650292531346167e+02 7.279833048621086045e-01
8.725432584446745068e+02 7.339400545432159806e-01
8.751309494443117956e+02 7.256625767445377129e-01
8.777303854211578482e+02 7.345035167202844661e-01
8.803438721456772100e+02 7.212361828423807797e-01
8.829737588882616137e+02 7.256661365422649723e-01
8.856224600839948380e+02 7.175248988802405137e-01
8.882924783132959874e+02 7.204665009629283023e-01
8.909864292010798863e+02 7.254310819636055063e-01
8.937070689019088832e+02 7.335001386767159293e-01
8.964573249396188430e+02 7.263360590535240524e-01
8.992403312954345438e+02 7.260968716619553565e-01
9.020594687861671446e+02 7.237790652702504879e-01
9.049184119529311374e+02 7.225429391859503614e-01
9.078211838403915408e+02 7.308677652652305623e-01
9.107722201927010701e+02 7.149410619642199149e-01
9.137764445632095658e+02 7.298251247275818754e-01
9.168393554809833859e+02 7.174541652272427017e-01
9.199671256458799462e+02 7.219553768153678108e-01
9.231667102565514824e+02 7.142099523063522026e-01
9.264459551512061353e+02 7.297613867507168894e-01
9.298136816265370044e+02 7.336808379633992239e-01
9.332796960174990772e+02 7.242865473929459563e-01
9.368546137383551695e+02 7.219618378017417237e-01
9.405492741996256427e+02 7.317494296362340167e-01
9.443733234213510741e+02 7.203347407383334788e-01
9.483322679905498944e+02 7.144724135070625870e-01
9.524222195904399086e+02 7.411670364183738924e-01
9.566226143918942171e+02 7.162176090411219720e-01
9.608908555293838845e+02 7.291831238581657493e-01
9.651669651981524112e+02 7.217783284642251829e-01
9.693910488301444275e+02 7.277289183183488497e-01
9.735213963602423064e+02 7.307972949464208723e-01
9.775397804849989143e+02 7.231388006170066385e-01
9.814457034306168453e+02 7.331157980822908815e-01
9.852482760631783094e+02 7.116378087068642166e-01
9.889602181872468236e+02 7.263516365929427732e-01
9.925944921810458936e+02 7.377297393184036878e-01
9.961628663558673225e+02 7.338530676140967435e-01
9.996755679308505478e+02 7.364501849997311389e-01
1.003141405964793080e+03 7.211118759748069706e-01
1.006568030509282380e+03 7.265237515809518376e-01
1.009962187231117923e+03 7.336697381029400056e-01
1.013329925797598321e+03 7.247860385563509311e-01
1.020007805385017718e+03 7.281593018720687871e-01
1.023327862456855200e+03 7.248117027205763785e-01
1.026641525011992144e+03 7.275802475354331555e-01
1.029953247376056879e+03 7.145008948777501478e-01
1.033267417290845742e+03 7.405659585639946529e-01
1.036588423138190137e+03 7.217843930878166114e-01
1.039920720250228214e+03 7.299099147065749582e-01
1.043268898982862311e+03 7.347962653914743569e-01
1.046637757383752160e+03 7.378147909303975904e-01
1.050032381647286002e+03 7.326268430346949412e-01
1.053458238137366834e+03 7.324994869608317805e-01
1.056921281639927656e+03 7.237052179816039210e-01
1.060428085786026259e+03 7.283963469953141923e-01
1.063986003351624959e+03 7.411865789108740277e-01
1.067603366515518019e+03 7.273310741954284175e-01
1.071289740151099750e+03 7.059219234828039147e-01
1.075056244518258609e+03 7.314518428399860994e-01
1.078915965913091213e+03 7.263124096753696968e-01
1.086980412361644767e+03 7.357904163187275470e-01
1.091226148942077089e+03 7.343193250123306592e-01
1.095648012644658138e+03 7.293843172298256627e-01
1.100275158923734125e+03 7.333676958733426066e-01
1.105133964305648306e+03 7.226670362943182768e-01
1.110231174399143356e+03 7.406220560112070084e-01
1.115519016316823127e+03 7.317933181346053528e-01
1.120866173172973731e+03 7.220460231101654136e-01
1.126106511540643623e+03 7.274897727358465849e-01
1.131138632235320301e+03 7.221692584727267272e-01
1.135946227516777981e+03 7.295796544618927681e-01
1.140556117624915487e+03 7.380003678951052581e-01
1.145006668679165159e+03 7.313472035565912188e-01
1.149334502551293781e+03 7.309266793542135154e-01
1.153569688540959078e+03 7.399794963180543750e-01
1.157735585337816019e+03 7.296126575104577849e-01
1.161850451479875119e+03 7.323669258831509987e-01
1.165929067856461188e+03 7.359019609846662036e-01
1.169983959362238465e+03 7.464721256937728588e-01
1.174026221243352893e+03 7.330744121939983815e-01
1.178066054680921070e+03 7.420327530771061442e-01
1.182113135366650113e+03 7.473279817479144826e-01
1.190266795689970195e+03 7.376224796749680790e-01
1.198564315445019929e+03 7.455270585078742629e-01
1.202793178706263006e+03 7.514730545663887984e-01
1.207091282877280946e+03 7.326083785754895494e-01
1.211472358889052430e+03 7.377300080610790234e-01
1.215952244355815765e+03 7.411330300927314596e-01
1.225286830206662444e+03 7.442696754241433510e-01
1.230191397003099837e+03 7.345019248838450254e-01
1.235297360772173761e+03 7.539459169219859813e-01
1.240647098822815451e+03 7.438467318128346717e-01
1.246291756248883530e+03 7.467087020986377111e-01
1.252285241405054194e+03 7.426538664287372082e-01
1.258655235503601034e+03 7.566077208067989446e-01
1.265323384709670790e+03 7.499780716728295937e-01
1.272032913131162104e+03 7.222308178504701637e-01
1.278500398743690994e+03 7.521865151962208174e-01
1.284622078058902616e+03 7.551126943793294855e-01
1.290429345792066442e+03 7.514880390580624958e-01
1.295988621883351016e+03 7.320040431249412727e-01
1.301365766211971277e+03 7.441574774536131587e-01
1.306615532322152148e+03 7.363514709928367097e-01
1.311779237639431358e+03 7.391352505825823371e-01
1.316888025341555476e+03 7.592724822139398366e-01
1.327036376526077902e+03 7.496442770492990348e-01
1.332116557685586713e+03 7.525541525150974964e-01
1.337226213588971632e+03 7.434591460089814419e-01
1.342384815498736771e+03 7.627096959134801457e-01
1.347613189510567508e+03 7.395078466152190666e-01
1.358375473395941526e+03 7.444604638993557177e-01
1.363968137173718333e+03 7.468054655205690340e-01
1.369752230178449736e+03 7.568430428531092158e-01
1.375778862065481917e+03 7.546012443758971511e-01
1.382115938965905343e+03 7.516277664451616047e-01
1.388855565500279909e+03 7.587618042058240642e-01
1.396119121896701699e+03 7.579407444293727591e-01
1.404028131343917494e+03 7.589377607150693539e-01
1.412507788492131340e+03 7.579917938439819647e-01
1.420965105866543809e+03 7.463635518680771241e-01
1.428847328310164130e+03 7.496164733429465654e-01
1.436143741712763358e+03 7.508731768445255916e-01
1.443013745237338071e+03 7.538859895605963812e-01
1.449593626590279882e+03 7.611392098197177214e-01
1.455996896579054919e+03 7.599210783793238777e-01
1.462308300783994582e+03 7.456835460536421767e-01
1.468587461168698383e+03 7.542398360423416825e-01
1.474880785752287466e+03 7.646714270451333562e-01
1.481229177353279510e+03 7.612717130883288608e-01
1.487673109642538975e+03 7.609579421221347451e-01
1.494256789551112206e+03 7.725290387047624163e-01
1.501032099120318435e+03 7.734304138228241809e-01
1.508063663103178897e+03 7.786033148147326610e-01
1.515436650691397290e+03 7.506060257638517141e-01
1.523269534304003173e+03 7.586570119317048722e-01
1.531733951473455363e+03 7.561235099673309090e-01
1.541069160068556812e+03 7.575248042636973933e-01
1.551442758861235234e+03 7.628127276160605597e-01
1.562182245629016961e+03 7.723876046009755525e-01
1.572106192997875269e+03 7.736309733447280790e-01
1.581133012574150825e+03 7.673072964881528790e-01
1.589576835451136276e+03 7.563782483759061703e-01
1.597656462936562548e+03 7.688601245621140556e-01
1.605550623043906626e+03 7.824860694830072516e-01
1.613399727443981874e+03 7.752767877242159322e-01
1.621305533924060683e+03 7.556566520592880032e-01
1.629356137196084774e+03 7.764715703134713598e-01
1.637643629596523397e+03 7.849723837973779927e-01
1.646279450574766088e+03 7.750201667825650231e-01
1.655415803045040093e+03 7.720488443376377630e-01
1.665281213457397143e+03 7.658614509471515230e-01
1.676242908176583796e+03 7.781681761483121296e-01
1.688810066740354387e+03 7.716130309130445619e-01
1.702448317185029509e+03 7.765768342711486527e-01
1.713467382501000202e+03 7.799931493499213664e-01
1.724393133345418391e+03 7.679185538204589268e-01
1.734807089713133109e+03 7.846756996263102302e-01
1.744719276430322225e+03 7.714833999016237343e-01
1.764489325557784468e+03 7.842351338456686749e-01
1.785541562574247564e+03 7.840451384825424253e-01
1.797214906270250367e+03 7.834026783830185803e-01
1.810302635152695984e+03 7.790274278419002663e-01
1.825768858231994727e+03 7.921216089810828587e-01
1.840959269201489406e+03 7.981336881188901833e-01
1.856067277046126037e+03 7.929115351641647935e-01
1.869675581792792855e+03 7.953478459772307385e-01
1.882345508737455020e+03 7.961479451268786978e-01
1.894784236803917111e+03 7.892387214889007296e-01
1.907404089154540770e+03 7.986920180266031677e-01
1.920677456531502003e+03 7.823421407998885080e-01
1.935217859304952526e+03 7.798387844714607109e-01
1.952073597483202320e+03 7.980860046505313665e-01
1.972997942726987048e+03 7.891151154978803817e-01
1.990199164082495372e+03 7.976553433786751635e-01
2.007188285262402360e+03 7.934949348648058232e-01
2.023412553070376134e+03 7.861456446965543465e-01
2.039193684758290374e+03 8.004311102202428252e-01
2.055612175369528359e+03 8.164322693193706293e-01
2.073721642221893489e+03 7.845691657562110510e-01
2.095580844772718137e+03 7.924152826451482667e-01
2.119212968422459198e+03 8.128497541239492197e-01
2.140210744330386206e+03 7.991619943038459351e-01
2.160957949141784411e+03 8.181198190983648422e-01
2.181493087505249605e+03 8.069525234813951231e-01
2.203118230823029535e+03 8.140676681614067434e-01
2.228564992933988833e+03 8.088613919030284150e-01
2.258878368473846422e+03 8.198415392853775074e-01
2.285651933096708490e+03 8.117753484215863846e-01
2.312005369348597469e+03 8.204876709458942541e-01
2.339095748298178478e+03 8.137716154509944122e-01
2.370012415551815138e+03 8.252326709508562841e-01
2.454669330089704090e+03 8.259408494533539979e-01
2.491343040280667537e+03 8.345171574328759112e-01
2.584328558601053373e+03 8.397163542126998559e-01
2.633640427569161602e+03 8.306465290661074752e-01
2.684108967560810925e+03 8.339196946198611515e-01
2.749382463746839221e+03 8.414996519998144686e-01
2.825805718167780924e+03 8.451241316785441660e-01
2.904952929925833359e+03 8.483719161006048060e-01
2.986145551722369419e+03 8.538393635342118593e-01
3.065259700551306196e+03 8.533111959928119106e-01
3.149244467862597503e+03 8.643215405639285143e-01
3.241245566448289992e+03 8.686941961799654610e-01
3.337401568073045382e+03 8.678924048733129837e-01
3.434312733879647567e+03 8.621299908604465045e-01
3.532864021494143344e+03 8.797153113369567956e-01
3.635110486503626362e+03 8.674563568995928842e-01
3.850526176732397289e+03 8.831008549566624621e-01
3.962052395211715520e+03 8.963405194002030951e-01
4.076217723046677747e+03 8.949195013144295441e-01
4.193338935178847350e+03 8.837439698094265994e-01
4.313373447842443056e+03 9.014632097429456925e-01
4.436184191145943259e+03 9.005763213488583441e-01
4.561783724704833730e+03 9.119709853089115192e-01
4.690278351797732284e+03 8.983046038017047374e-01
4.956246689422918280e+03 9.068980424136895424e-01
5.093828471911944689e+03 8.923898229349984668e-01
5.234574034626272805e+03 9.094921403959935757e-01
5.378567605957224259e+03 9.012008345840091250e-01
5.525890664619299059e+03 9.092546015233499146e-01
5.676624690451474635e+03 9.053439237158495967e-01
5.830853821713410071e+03 9.025255264740925654e-01
5.988664117308382629e+03 9.061145525528078171e-01
6.150142362605624839e+03 9.238651170626067666e-01
6.315375985666611086e+03 9.318769425589363831e-01
6.484453412127460979e+03 9.231092096101202182e-01
6.657464229259371677e+03 9.246909636137956578e-01
6.834499223487161544e+03 8.923493226932260880e-01
7.015650473173380306e+03 9.409445566758253277e-01
7.201011501872277222e+03 9.286125947986868523e-01
7.390677434107280533e+03 9.366542865762721437e-01
7.584745134290929855e+03 9.349580624680630114e-01
7.783313337598823637e+03 9.354146066336478382e-01
7.986482777510874257e+03 9.455190103563282378e-01
8.194356307616562844e+03 9.299295398220990272e-01
8.407039015599864797e+03 9.522980070721909218e-01
8.624638329690435057e+03 9.453087897736158762e-01
8.847264118811373919e+03 9.468195631064820761e-01
9.075028787268207452e+03 9.494595981471022350e-01
9.546437591650523245e+03 9.510415707763302251e-01
9.790320002841081077e+03 9.591376100652418968e-01
1.003981800663030845e+04 9.531899020514909004e-01
1.029505796342555550e+04 9.552944077864742312e-01
1.055616926246570256e+04 9.512617230304121207e-01
1.082328439767503369e+04 9.460316990267078063e-01
1.109653904301079638e+04 9.530061529264988174e-01
1.137607212759741014e+04 9.399767128022433749e-01
1.166202591095270327e+04 9.656305244348258876e-01
1.195454605887792241e+04 9.607444510621137024e-01
1.225378171946774455e+04 9.557061541259265214e-01
1.255988560046718158e+04 9.586683396807383906e-01
1.287301404719796665e+04 9.632660175838461125e-01
1.319332712198128320e+04 9.570368801679246529e-01
1.352098868492901056e+04 9.795816891068309662e-01
1.385616647600062061e+04 9.837828530524328485e-01
1.419903219917232309e+04 9.602423153894197316e-01
1.454976160837530369e+04 9.795952164033334686e-01
1.490853459547952843e+04 9.682918855521809309e-01
1.565095210410800792e+04 9.658928549290226595e-01
1.603497792354606099e+04 9.614212862430641104e-01
1.642781010984147360e+04 9.654054964542402306e-01
1.682965064904260362e+04 9.531412259549466581e-01
1.724070624613345353e+04 9.820809704615943714e-01
1.766118843197522801e+04 9.726999617322631408e-01
1.809131367366556151e+04 9.729195935740275747e-01
1.853130348796455655e+04 9.933496028891009022e-01
1.898138455853956839e+04 9.686718898336564854e-01
1.944178885636058840e+04 9.631984054309254972e-01
2.039452220216097703e+04 9.808298049576051891e-01
2.088734276294109804e+04 9.771166429975289835e-01
2.139146984253550545e+04 9.864507523850614135e-01
2.190716378058917326e+04 9.940911410446992003e-01
2.243469100166905992e+04 9.563509518835383583e-01
2.297432416070972613e+04 9.846954332059750792e-01
2.352634229152814441e+04 1.009656519050286194e+00
2.409103095907089664e+04 9.770138016541394244e-01
2.525959575350279192e+04 9.956803081916756337e-01
2.586407707828011917e+04 9.906899945615900149e-01
2.648243966133917274e+04 9.711445356713727106e-01
2.776209855193265321e+04 9.689677872951998339e-01
2.842405877605657952e+04 9.643485898209934737e-01
2.910122843879346328e+04 9.974276696432918810e-01
2.979395922477461863e+04 1.007882888745701866e+00
3.050261102868853777e+04 9.973214356305867279e-01
3.122755213485105196e+04 9.821446368799251481e-01
3.196915939776756204e+04 9.978656241766494794e-01
3.272781842369114747e+04 9.908179243880151921e-01
3.350392375058249308e+04 9.786734329518838038e-01
3.429787902750521607e+04 1.004093486934602319e+00
3.594100064385386213e+04 9.842222799274480405e-01
3.679102141306192789e+04 9.877462121747623280e-01
3.766060132272740157e+04 9.807897687312121526e-01
3.855019214254819963e+04 9.865294871722593006e-01
3.946025573150023411e+04 1.012238965128788859e+00
4.039126416818850703e+04 9.761380258280973887e-01
4.231805566687927785e+04 9.851977522253935193e-01
4.331483491993702046e+04 9.915726802989538458e-01
4.431483491993702046e+04 9.689554444590539051e-01
4.531483491993702046e+04 1.003830866673542266e+00
4.631483491993702046e+04 9.995994196450831426e-01
4.731483491993702046e+04 1.000333919412641492e+00
4.831483491993702046e+04 9.909984230157942164e-01
4.931483491993702046e+04 9.898943872596600579e-01
5.031483491993702046e+04 9.983131612794676757e-01
5.131483491993702046e+04 9.825009379109116425e-01
5.231483491993702046e+04 9.840625527753862345e-01
5.331483491993702046e+04 9.885484483915308873e-01
5.431483491993702046e+04 9.776951561075905017e-01
5.531483491993702046e+04 9.946289047601888367e-01
5.631483491993702046e+04 9.927549568810856151e-01
5.731483491993702046e+04 9.912211825141019617e-01
5.831483491993702046e+04 9.982720170352060718e-01
5.931483491993702046e+04 1.000952474253718361e+00
6.231483491993702046e+04 1.003380530216416711e+00
6.331483491993702046e+04 9.925670144603343514e-01
6.431483491993702046e+04 1.002459269725116231e+00
6.631483491993701318e+04 1.000575899970579608e+00
6.731483491993701318e+04 1.002685920659430518e+00
6.831483491993701318e+04 9.849280247387450782e-01
6.931483491993701318e+04 9.984723233496476391e-01
7.031483491993701318e+04 1.006256598977574912e+00
7.131483491993701318e+04 9.840516144954953859e-01
7.231483491993701318e+04 9.933509821898653946e-01
7.331483491993701318e+04 9.848017899225340877e-01
7.431483491993701318e+04 1.004092296466879031e+00
7.531483491993701318e+04 1.005372496468930565e+00
7.631483491993701318e+04 9.923409926962823979e-01
7.731483491993701318e+04 1.005482211641913315e+00
7.831483491993701318e+04 1.014141788804865607e+00
7.931483491993701318e+04 9.985470415212178708e-01
8.031483491993701318e+04 9.931988476235056318e-01
8.131483491993701318e+04 9.919439332740929149e-01
8.231483491993701318e+04 1.003245211656622393e+00
8.331483491993701318e+04 9.996414400856284965e-01
8.431483491993701318e+04 9.890484106940520270e-01
8.531483491993701318e+04 9.970243974843890911e-01
8.631483491993701318e+04 1.007862663802976400e+00
8.731483491993701318e+04 9.890710478335432709e-01
8.831483491993701318e+04 9.853410505340763903e-01
8.931483491993701318e+04 1.019583233531123234e+00
9.031483491993701318e+04 1.002851399710933400e+00
9.131483491993701318e+04 9.868821358196129268e-01
9.231483491993701318e+04 1.001726936566207815e+00
9.331483491993701318e+04 9.836361931616691701e-01
9.431483491993701318e+04 1.002584838032635206e+00
9.531483491993701318e+04 9.896563707620713579e-01
9.631483491993701318e+04 1.007184508440986948e+00
9.731483491993701318e+04 9.958551813930324181e-01
9.831483491993701318e+04 9.774784299936900567e-01
9.915741745996850659e+04 9.989913365787522759e-01
1.000000000000000000e+05 9.977928570705594247e-01
