# t  Nu
0.000000e+00 9.894777757872972312e-01
1.000000e-06 1.005137551007550201e+00
3.000000e-06 1.010895988406519619e+00
4.000000e-06 9.924336170079285369e-01
6.000000e-06 9.940333160669805324e-01
1.000000e-05 9.848444100545817870e-01
1.800000e-05 1.012694130853841523e+00
3.400000e-05 9.990509695360070275e-01
6.600000e-05 9.912111220513666332e-01
1.300000e-04 9.822847869933397646e-01
2.580000e-04 9.969727842051779865e-01
5.140000e-04 9.914705078484719047e-01
1.026000e-03 9.845439784909029157e-01
2.050000e-03 9.847659319600509109e-01
4.098000e-03 9.953871106755486364e-01
8.077000e-03 1.008072017947951649e+00
1.211800e-02 9.904517842139602957e-01
1.599800e-02 1.005086259579250241e+00
1.993600e-02 1.010348532637360242e+00
2.390800e-02 1.010090381326365305e+00
3.207300e-02 1.001413534022320029e+00
3.630500e-02 1.001002675048118240e+00
4.064000e-02 9.963692274374736924e-01
4.508100e-02 1.006100679908209061e+00
4.963000e-02 9.910131024557234936e-01
5.429000e-02 1.003584600479421551e+00
5.906600e-02 9.914731549622806117e-01
6.396200e-02 9.989011042862427914e-01
6.898100e-02 9.981269691591057036e-01
7.412400e-02 9.944430576888927398e-01
7.938900e-02 1.005807151895177887e+00
8.476300e-02 9.932227039631752463e-01
9.020800e-02 9.843701623615347396e-01
9.563500e-02 9.878795331068018770e-01
1.003070e-01 1.013289202747843509e+00
1.049130e-01 9.943926360620227722e-01
1.102430e-01 9.910683109186158024e-01
1.229600e-01 1.005345226592887498e+00
1.301190e-01 9.887887430208122108e-01
1.376570e-01 9.926885977666316530e-01
1.454910e-01 1.001494001461881611e+00
1.535600e-01 9.808588368245222400e-01
1.618160e-01 9.966673848052969298e-01
1.702220e-01 1.002306970966281074e+00
1.787520e-01 9.804537774972380548e-01
1.873860e-01 9.969842602949198218e-01
1.961080e-01 9.906519370971773597e-01
2.048990e-01 1.007558812268912973e+00
2.137350e-01 9.815171620792656482e-01
2.225710e-01 1.007606580861466039e+00
2.313340e-01 9.868528091873615127e-01
2.398930e-01 9.985627647549989439e-01
2.471960e-01 9.984060827167479113e-01
2.545230e-01 9.946838722211610584e-01
2.620230e-01 1.011696144796180752e+00
2.705530e-01 1.010789902253823369e+00
2.899810e-01 1.012240092697508143e+00
3.002620e-01 9.856326759091847967e-01
3.200820e-01 9.805232267545800351e-01
3.306920e-01 1.010719099666265608e+00
3.423450e-01 9.882684187012149568e-01
3.545860e-01 1.007051354355317896e+00
3.672160e-01 1.005303009385709601e+00
3.800540e-01 9.987370160120955243e-01
4.056520e-01 9.934070597087883980e-01
4.179730e-01 9.951929284671365838e-01
4.281970e-01 9.965649898806988594e-01
4.384790e-01 1.007543086532419085e+00
4.492620e-01 9.991556061293788149e-01
4.613040e-01 9.917749301718461474e-01
4.739260e-01 9.992092237349716743e-01
4.859260e-01 1.000123787731927338e+00
4.984060e-01 9.966753690402583299e-01
5.124410e-01 9.794207960131114943e-01
5.278320e-01 1.020659247462871067e+00
5.442640e-01 9.892670618649991310e-01
5.614160e-01 9.814510114485566206e-01
5.788910e-01 9.819220630018652418e-01
5.958750e-01 9.880709967060861132e-01
6.130510e-01 9.988175181608618391e-01
6.297080e-01 9.956445398073628938e-01
6.431140e-01 9.759636753782442442e-01
6.562810e-01 9.948783799930671634e-01
6.717630e-01 1.000264932882141133e+00
6.895880e-01 9.953899418914975428e-01
7.092560e-01 1.002849466938193324e+00
7.302010e-01 9.990728062260106901e-01
7.519270e-01 9.990944037314631876e-01
7.741020e-01 9.932411165151581178e-01
7.964600e-01 9.919894941713316427e-01
8.403800e-01 9.885142118718746040e-01
8.584970e-01 9.901364965396556306e-01
8.761640e-01 1.001723137145591691e+00
8.938940e-01 9.989720526917335031e-01
9.124550e-01 9.971870319065739841e-01
9.333380e-01 9.977450419707940554e-01
9.570660e-01 9.939418126047542268e-01
9.827180e-01 1.010410885428858263e+00
1.009475e+00 9.882888750592717653e-01
1.036742e+00 1.002088397087296912e+00
1.063995e+00 9.937532587255433203e-01
1.090744e+00 9.970366164263313458e-01
1.116427e+00 9.835117204168368765e-01
1.137563e+00 9.967733046621344295e-01
1.158804e+00 9.940910603883997831e-01
1.178436e+00 9.784619615329602782e-01
1.200948e+00 9.904741920207769112e-01
1.226921e+00 9.918250874745713208e-01
1.254342e+00 9.893192875694708510e-01
1.310742e+00 9.999088045011041981e-01
1.342051e+00 9.918159780752797694e-01
1.373922e+00 9.961559620462457909e-01
1.405368e+00 1.013764175019821634e+00
1.431473e+00 9.858848580343284596e-01
1.457764e+00 1.001001290003539657e+00
1.485093e+00 1.003482397623277400e+00
1.511879e+00 9.664669449728202633e-01
1.543572e+00 1.008906737705859591e+00
1.578986e+00 9.952003749764092300e-01
1.616052e+00 9.974816328054741943e-01
1.685848e+00 9.981405061689669900e-01
1.717975e+00 9.983287110628966676e-01
1.751870e+00 1.020644623632819714e+00
1.782561e+00 9.850297972464194807e-01
1.815921e+00 9.917458153379189456e-01
1.847662e+00 9.878416949025053961e-01
1.882964e+00 9.911645116675890099e-01
1.922740e+00 1.004989404057427871e+00
1.963943e+00 9.980004557220436556e-01
2.003684e+00 1.003560089822536971e+00
2.040442e+00 9.748530474271682733e-01
2.078613e+00 9.718873501649073487e-01
2.113580e+00 9.825625484398087250e-01
2.148308e+00 9.997919052835237963e-01
2.182640e+00 9.794847862261459870e-01
2.217559e+00 9.800209871832004094e-01
2.258481e+00 9.928666376872162802e-01
2.304631e+00 9.880061798276635887e-01
2.353081e+00 9.948358430618406967e-01
2.401600e+00 1.001120340032335410e+00
2.442504e+00 9.936711993628658535e-01
2.483679e+00 9.935292949065616108e-01
2.526703e+00 1.001408695450972663e+00
2.569779e+00 9.938859137421323098e-01
2.608882e+00 1.001707645141018732e+00
2.653637e+00 9.810238482932193138e-01
2.704117e+00 9.769660127072186118e-01
2.757258e+00 9.824570394500322656e-01
2.810050e+00 9.908781024797307380e-01
2.859004e+00 9.851130913776858788e-01
2.907587e+00 9.923964500035893366e-01
2.955195e+00 9.926779528155544874e-01
2.998308e+00 9.969481861619730045e-01
3.043847e+00 9.840733209486580702e-01
3.095272e+00 9.904194190408530662e-01
3.151865e+00 1.010563683877611085e+00
3.209297e+00 9.812585697222914183e-01
3.263374e+00 9.988508417773338532e-01
3.370221e+00 9.865058754214617309e-01
3.422122e+00 9.869413357858238811e-01
3.473567e+00 9.943124057957102302e-01
3.532996e+00 9.873720433168973187e-01
3.596701e+00 9.645865077594492076e-01
3.652366e+00 9.761444214802837971e-01
3.707382e+00 9.885698874595526542e-01
3.766275e+00 9.867070234616565072e-01
3.827714e+00 9.846878025362093556e-01
3.883299e+00 9.977075674448677711e-01
3.994718e+00 9.835480184606600895e-01
4.057661e+00 9.906430724397010668e-01
4.123691e+00 9.930909018023712509e-01
4.190829e+00 9.949052399443505390e-01
4.258435e+00 9.975572727091941427e-01
4.324258e+00 9.971834808570518849e-01
4.385141e+00 9.928666974435931269e-01
4.449283e+00 9.865948735141820691e-01
4.521479e+00 9.778337868131411481e-01
4.593519e+00 1.001200291730882430e+00
4.667102e+00 1.005449325687164830e+00
4.733545e+00 9.925814890139901259e-01
4.800741e+00 9.702612298936588164e-01
4.862663e+00 9.786627641286309576e-01
4.924815e+00 9.770049233186275384e-01
4.998277e+00 9.678347596508899420e-01
5.071809e+00 9.888032732290082949e-01
5.147922e+00 9.863439305822501169e-01
5.297586e+00 9.862403281483066442e-01
5.365169e+00 1.004198757730584868e+00
5.436198e+00 9.778649681731248489e-01
5.513702e+00 9.961945983937084970e-01
5.595068e+00 9.773751582390640680e-01
5.678868e+00 9.969555536337412205e-01
5.766573e+00 9.710003033974935471e-01
5.928324e+00 9.814798406009087595e-01
6.001204e+00 9.761062911812100618e-01
6.081249e+00 9.949728330199589799e-01
6.165677e+00 9.976145052123736034e-01
6.256721e+00 1.000801251709880768e+00
6.345767e+00 9.884604022402997403e-01
6.429736e+00 9.873938612944316295e-01
6.600239e+00 9.866210481491737294e-01
6.694904e+00 9.986748785525936256e-01
6.796844e+00 9.776407976675195455e-01
6.882952e+00 9.734864556949726078e-01
6.965513e+00 9.864703959294930380e-01
7.045152e+00 9.662815079595111767e-01
7.126808e+00 1.002035236434526855e+00
7.217082e+00 9.975161567752209857e-01
7.316016e+00 9.943355885600365651e-01
7.420166e+00 9.878178994895024934e-01
7.520124e+00 9.835707694642618071e-01
7.615540e+00 9.697262348981416924e-01
7.708103e+00 9.967661729269438053e-01
7.801272e+00 9.889189717120078216e-01
7.907632e+00 9.767205888345211751e-01
8.019098e+00 9.917825578215926363e-01
8.124721e+00 9.999368693099933703e-01
8.232752e+00 9.833794667827419067e-01
8.331190e+00 9.809198686177252879e-01
8.425786e+00 9.732550487742119838e-01
8.533442e+00 9.749606542144231280e-01
8.647750e+00 9.728119416010138076e-01
8.754931e+00 9.775404428087312025e-01
8.857533e+00 9.776246384734725847e-01
8.961877e+00 9.861112417557108545e-01
9.066683e+00 9.937402708872615786e-01
9.185537e+00 9.828720978267144748e-01
9.306897e+00 9.755186890222233842e-01
9.420141e+00 9.984286777482423991e-01
9.529334e+00 9.871602190808016486e-01
9.632717e+00 9.711941855428696257e-01
9.739008e+00 9.817131637870029071e-01
9.855626e+00 9.817975821410542814e-01
9.980769e+00 9.875636251596050519e-01
1.010955e+01 9.681900827578534541e-01
1.035281e+01 9.938139301828490257e-01
1.047005e+01 9.816767539489903438e-01
1.059955e+01 9.924662574953627692e-01
1.073209e+01 9.860814516169174038e-01
1.084986e+01 9.881812271265019154e-01
1.109409e+01 9.997624775264526420e-01
1.121920e+01 9.848917657579134843e-01
1.135185e+01 9.762048135795650117e-01
1.149257e+01 9.719325669934042455e-01
1.163049e+01 9.693777334175621707e-01
1.176178e+01 9.799191937495506100e-01
1.188288e+01 9.631234374337532822e-01
1.201523e+01 9.932943248344768827e-01
1.215704e+01 9.809726192934364875e-01
1.229514e+01 9.784259788015245984e-01
1.242758e+01 9.820218189066584058e-01
1.256233e+01 9.847401991458957227e-01
1.269043e+01 9.860084915613418488e-01
1.282508e+01 9.821709080856412255e-01
1.296219e+01 9.749230088169364983e-01
1.309913e+01 9.850149415594617874e-01
1.323770e+01 9.876371808200384850e-01
1.337434e+01 9.762246615569150077e-01
1.350503e+01 9.729205976485043594e-01
1.365015e+01 9.632033392054072385e-01
1.379883e+01 9.871233215032916286e-01
1.394285e+01 9.862600983425026113e-01
1.408823e+01 9.770545245317585614e-01
1.423076e+01 9.841776674590247964e-01
1.437667e+01 9.922403022592681809e-01
1.453305e+01 9.871529810932181404e-01
1.468883e+01 9.660541301650911183e-01
1.499517e+01 9.798592155191070407e-01
1.514417e+01 9.731996075158736437e-01
1.530320e+01 9.765102552514856038e-01
1.546365e+01 9.606662339434414166e-01
1.562213e+01 9.614177729848011333e-01
1.577923e+01 9.947725235864538496e-01
1.593440e+01 9.714724241408526639e-01
1.608802e+01 9.727664521914619611e-01
1.625729e+01 9.802696221393560894e-01
1.643089e+01 9.932082657594552000e-01
1.660032e+01 9.784356580061858155e-01
1.676837e+01 9.803834416516311601e-01
1.692676e+01 9.833903891860555913e-01
1.727082e+01 9.926352720499618254e-01
1.744715e+01 9.855238152247660643e-01
1.761525e+01 9.811877697786562935e-01
1.778884e+01 9.669506757313049983e-01
1.795556e+01 9.724857536211614084e-01
1.813159e+01 9.799108722987621700e-01
1.831923e+01 9.832935140295520071e-01
1.850009e+01 9.774584436172226720e-01
1.868977e+01 9.890092220804532763e-01
1.887562e+01 9.856901931890997837e-01
1.906563e+01 9.679268696984498765e-01
1.946154e+01 9.736371398165380997e-01
1.966664e+01 9.954806037828640708e-01
1.985641e+01 9.641362280074209368e-01
2.004719e+01 9.742375964689431456e-01
2.025452e+01 9.883919964313612194e-01
2.046438e+01 9.708877323773617007e-01
2.067744e+01 9.697942106178152333e-01
2.088140e+01 9.646155462814662851e-01
2.108097e+01 9.765878476010061426e-01
2.129707e+01 9.940308693737940349e-01
2.152326e+01 9.847451399897411140e-01
2.174302e+01 9.624130181938448381e-01
2.195949e+01 9.875602419933935394e-01
2.216402e+01 9.666027635160429066e-01
2.238036e+01 9.764841082315387499e-01
2.261537e+01 9.940120413253706877e-01
2.283556e+01 9.668752559854555395e-01
2.306295e+01 9.664919208698834474e-01
2.328528e+01 9.776749672259907875e-01
2.351044e+01 9.691897424555230289e-01
2.375200e+01 9.719619192150811271e-01
2.397841e+01 9.698334097220164818e-01
2.421379e+01 9.689408252938875865e-01
2.444031e+01 9.959527462349581084e-01
2.466989e+01 9.793747437300039937e-01
2.491527e+01 9.847249624977972848e-01
2.515916e+01 9.657208618807371359e-01
2.540390e+01 9.830353290725742932e-01
2.563992e+01 9.801631001155811651e-01
2.611966e+01 9.693895779917383049e-01
2.637432e+01 9.894156368837537796e-01
2.662963e+01 9.821583747167709211e-01
2.687930e+01 9.848409817158707558e-01
2.712216e+01 9.831364904005214234e-01
2.737004e+01 9.694667607031010048e-01
2.763502e+01 9.714275169576860325e-01
2.789522e+01 9.842559701221684776e-01
2.815774e+01 9.766985119914852742e-01
2.840879e+01 9.743508557351170385e-01
2.865323e+01 9.810366927087439404e-01
2.892307e+01 9.633387467007376026e-01
2.918416e+01 9.824625738659940044e-01
2.945632e+01 9.884951195525166767e-01
2.971542e+01 9.858236612927213649e-01
2.996555e+01 9.760134596457336054e-01
3.024115e+01 9.915472497569556287e-01
3.050773e+01 9.612944460035500738e-01
3.078531e+01 9.695416834236896264e-01
3.105147e+01 9.632542391189826692e-01
3.131543e+01 9.839362186904948571e-01
3.159174e+01 9.643137928668616965e-01
3.186562e+01 9.632563628249152243e-01
3.214602e+01 9.750175601075781184e-01
3.242104e+01 9.622561020599074144e-01
3.269961e+01 9.878435080908766208e-01
3.297252e+01 9.794646868661206485e-01
3.325117e+01 9.607580244823158422e-01
3.353845e+01 9.846210046188441645e-01
3.382022e+01 9.799137978922198844e-01
3.410697e+01 9.716294580293258765e-01
3.438523e+01 9.741733955545150980e-01
3.466442e+01 9.779211768703666152e-01
3.495869e+01 9.831751420822285592e-01
3.524761e+01 9.825381253578274743e-01
3.554148e+01 9.813455557224826098e-01
3.582690e+01 9.843671820746219270e-01
3.611671e+01 9.594615630079100788e-01
3.642045e+01 9.754784218729830592e-01
3.670912e+01 9.772095697108825751e-01
3.699927e+01 9.445886547021482560e-01
3.728971e+01 9.731353103575365315e-01
3.758537e+01 9.864545408090515943e-01
3.788926e+01 9.813407288628357428e-01
3.818844e+01 1.001872198134764913e+00
3.848199e+01 9.808745531468990864e-01
3.878424e+01 9.610178132007775043e-01
3.909212e+01 9.744290154527049941e-01
3.939032e+01 9.711825851729821713e-01
3.968428e+01 9.633760222995416678e-01
3.999277e+01 9.594216904812772340e-01
4.060883e+01 9.658364353829309579e-01
4.091569e+01 9.690294193517984267e-01
4.122258e+01 9.822536806915158625e-01
4.153263e+01 9.881271648981362343e-01
4.184692e+01 9.816072104299361500e-01
4.215928e+01 9.660773549229874080e-01
4.246959e+01 9.755997091337784699e-01
4.279067e+01 9.659411759023889266e-01
4.310824e+01 9.743531098217725894e-01
4.343172e+01 9.670432851620535120e-01
4.375740e+01 9.686826132673107548e-01
4.409018e+01 9.743949982760757855e-01
4.442889e+01 9.688429040505575074e-01
4.513945e+01 9.708890697407509540e-01
4.552204e+01 9.644357290999412413e-01
4.592800e+01 9.872169934197106977e-01
4.635421e+01 9.747951007218454977e-01
4.679720e+01 9.507270281147054414e-01
4.725434e+01 9.871116726444673084e-01
4.772341e+01 9.688108359117242330e-01
4.820265e+01 9.851862567362271728e-01
4.869060e+01 9.754555157004866084e-01
4.918597e+01 9.787199743296709498e-01
4.968762e+01 9.895081224548315513e-01
5.019454e+01 9.911704989749643424e-01
5.070583e+01 9.738918205577778986e-01
5.122072e+01 9.534379635722958213e-01
5.173856e+01 9.709678860111200516e-01
5.225881e+01 9.857496534194120086e-01
5.278100e+01 9.780334586619969794e-01
5.330477e+01 9.719249783784162933e-01
5.382981e+01 9.828277537980883993e-01
5.435587e+01 9.861339523971203169e-01
5.488278e+01 9.745578071888315597e-01
5.541038e+01 9.653182580412764668e-01
5.593857e+01 9.766643000319800150e-01
5.646728e+01 9.872366889076960028e-01
5.805614e+01 9.781107629160801231e-01
5.858666e+01 9.727514010406972389e-01
5.964919e+01 9.779062963893314642e-01
6.018129e+01 9.765645466944895547e-01
6.071401e+01 9.729906631644906767e-01
6.124742e+01 9.981388806519138068e-01
6.178160e+01 9.802948426500306400e-01
6.231660e+01 9.885529308476197485e-01
6.285251e+01 9.652300018252796265e-01
6.338940e+01 9.626757238982930343e-01
6.392736e+01 9.783693503292902882e-01
6.500678e+01 9.652786441713507859e-01
6.554840e+01 9.967576137884681664e-01
6.609139e+01 1.001933055598497102e+00
6.663583e+01 9.825371010820440620e-01
6.718177e+01 9.883561047064579608e-01
6.772929e+01 9.653218815331678915e-01
6.827844e+01 9.788590591598272939e-01
6.882925e+01 9.930979063208502655e-01
6.938177e+01 9.672847087067897309e-01
6.993601e+01 9.825656218736614766e-01
7.049201e+01 9.763748479416817228e-01
7.104974e+01 9.986802189132831797e-01
7.160921e+01 9.792242216600971494e-01
7.217037e+01 9.869573209551383286e-01
7.273318e+01 9.929175301606957271e-01
7.329758e+01 9.908938331690284596e-01
7.386348e+01 9.826052439843057096e-01
7.443078e+01 9.848220448438882446e-01
7.499937e+01 9.960660467150107555e-01
7.556910e+01 9.866104357816207759e-01
7.613984e+01 9.780368413188755827e-01
7.671141e+01 9.807483559326158895e-01
7.728364e+01 9.861089854774457431e-01
7.785636e+01 9.803491065932438131e-01
7.842936e+01 9.774424821475640179e-01
7.900247e+01 9.740695961273073689e-01
7.957550e+01 9.629593795121212940e-01
8.014826e+01 9.847618161470674814e-01
8.072058e+01 9.766287637328670002e-01
8.129229e+01 9.760165921918911858e-01
8.186325e+01 9.797871341120583111e-01
8.243332e+01 9.884066162541266243e-01
8.300239e+01 9.668441118688968494e-01
8.357036e+01 9.905360552921731454e-01
8.413714e+01 9.749143080250327609e-01
8.470267e+01 9.885796249316044504e-01
8.526691e+01 9.987373375799561970e-01
8.582983e+01 9.933877348258118856e-01
8.639142e+01 9.871514387470872176e-01
8.695168e+01 9.784261634130403396e-01
8.751064e+01 9.916024445095984463e-01
8.806832e+01 9.875361105116909899e-01
8.862477e+01 9.824920091374697018e-01
8.918003e+01 9.884197860527696999e-01
8.973418e+01 9.733992625222378514e-01
9.028727e+01 9.745858277623598021e-01
9.083938e+01 9.981639551153156376e-01
9.194101e+01 9.787693175999573336e-01
9.249071e+01 9.912123730776619679e-01
9.303978e+01 9.841087597669525566e-01
9.358832e+01 9.892968146882917813e-01
9.413644e+01 9.970582616995931069e-01
9.468422e+01 9.856870028309525633e-01
9.577923e+01 9.962645218926484691e-01
9.632666e+01 9.765654642495644744e-01
9.687417e+01 9.717652580113013139e-01
9.742189e+01 9.747969622160793657e-01
9.796991e+01 9.908482374038248830e-01
9.851834e+01 9.840116454907280596e-01
9.906729e+01 9.856278994916730651e-01
9.961686e+01 9.766263175226184146e-01
1.001672e+02 9.644232344346119756e-01
1.007183e+02 9.736432140249755562e-01
1.018236e+02 9.966489069955554170e-01
1.023779e+02 9.782467616700116775e-01
1.029335e+02 9.911223747608393086e-01
1.034905e+02 9.756946326075393028e-01
1.040490e+02 9.925225031265908493e-01
1.046091e+02 9.772921640909907337e-01
1.051710e+02 9.828737058696802587e-01
1.057347e+02 9.812338028529334899e-01
1.063003e+02 9.851624604535879071e-01
1.068680e+02 9.815905629858305836e-01
1.074378e+02 9.807819918289192307e-01
1.080100e+02 9.962432689727545032e-01
1.085846e+02 9.891474829712328942e-01
1.091617e+02 9.777881280382424434e-01
1.097415e+02 9.795716068609285898e-01
1.103240e+02 9.738912217309105834e-01
1.109095e+02 9.803419726287841973e-01
1.114979e+02 1.006509624473654219e+00
1.120896e+02 9.944046557501139416e-01
1.126844e+02 9.964504920820913547e-01
1.132828e+02 9.858059320881659149e-01
1.138846e+02 9.926394768722680562e-01
1.144901e+02 9.855812216803823134e-01
1.150995e+02 9.912040762925374837e-01
1.157128e+02 9.981713941708979521e-01
1.163301e+02 9.849310526434915669e-01
1.169518e+02 9.788236301055288635e-01
1.175778e+02 1.011586902476374838e+00
1.182083e+02 9.790067216571622932e-01
1.188435e+02 9.889089387640612738e-01
1.194835e+02 9.910856527192397625e-01
1.201285e+02 9.852949635474390622e-01
1.207787e+02 9.694047020380139879e-01
1.214342e+02 1.001076455543109089e+00
1.227616e+02 9.947379000186681308e-01
1.234340e+02 1.001148213590192348e+00
1.241123e+02 9.810765117174319316e-01
1.247967e+02 9.697556022986831836e-01
1.254875e+02 9.864586166989002258e-01
1.268886e+02 9.930158672778820472e-01
1.275994e+02 9.687377408856140404e-01
1.283172e+02 9.695288331137983384e-01
1.290422e+02 9.791411176648624481e-01
1.297746e+02 1.000290832087184612e+00
1.305146e+02 9.753546101446870509e-01
1.312624e+02 9.986927959736550120e-01
1.320182e+02 9.908147872229362552e-01
1.327821e+02 9.920004723345993147e-01
1.335544e+02 9.834303266214868833e-01
1.343353e+02 9.820501507036308864e-01
1.375482e+02 9.697000649187472732e-01
1.383747e+02 9.925485751525257028e-01
1.392109e+02 9.907555565431883648e-01
1.400569e+02 9.803572867856858997e-01
1.409130e+02 9.674618498921334631e-01
1.417792e+02 9.897599321585609511e-01
1.426558e+02 9.945670383409028759e-01
1.435428e+02 9.810542944851752267e-01
1.444403e+02 9.982438151303705265e-01
1.453485e+02 9.976989229167716466e-01
1.462674e+02 9.776039283233252108e-01
1.471971e+02 9.966465188536679509e-01
1.481376e+02 1.000008190146789655e+00
1.490890e+02 9.958502266646025447e-01
1.500510e+02 9.796280585003549479e-01
1.510238e+02 9.952377077137695149e-01
1.520072e+02 9.888884279676004585e-01
1.530010e+02 9.775194748070969997e-01
1.540051e+02 9.871328782737143204e-01
1.550193e+02 9.693564503790379483e-01
1.560433e+02 9.776516991081821706e-01
1.570768e+02 9.920952612809470494e-01
1.581195e+02 9.985759901119245496e-01
1.591712e+02 9.922441799284126285e-01
1.602313e+02 9.594178334174578993e-01
1.612997e+02 9.993159374849041043e-01
1.623758e+02 9.860125373353370026e-01
1.634592e+02 9.648573777308141475e-01
1.645497e+02 9.878306023125690283e-01
1.656467e+02 9.951988798931614699e-01
1.667500e+02 9.902871045771998171e-01
1.689740e+02 9.762961549811932649e-01
1.700941e+02 9.789653537838955977e-01
1.712191e+02 9.872354819264127501e-01
1.734832e+02 9.832820764675330727e-01
1.746219e+02 9.809859954266225701e-01
1.757648e+02 9.892522773323463303e-01
1.769118e+02 9.847563829051542150e-01
1.780629e+02 9.947977322009624590e-01
1.792178e+02 9.851653742451551565e-01
1.803767e+02 1.007680338075640503e+00
1.815394e+02 9.837187020104394275e-01
1.827061e+02 9.952828203957335695e-01
1.838767e+02 9.867907888351673540e-01
1.850512e+02 9.875752901813746876e-01
1.862298e+02 9.778318390522705572e-01
1.897906e+02 9.741847296897475639e-01
1.909863e+02 9.758314000126535603e-01
1.921865e+02 9.820843402875394368e-01
1.933915e+02 9.608719609220696123e-01
1.946012e+02 9.860376422835736010e-01
1.958160e+02 9.759575846730191850e-01
1.970360e+02 9.771890491829909875e-01
1.982613e+02 9.697365094802851138e-01
2.019711e+02 9.856222546594932687e-01
2.032196e+02 9.832225574807922364e-01
2.044745e+02 9.678127908488983744e-01
2.057358e+02 9.776833513616567384e-01
2.070039e+02 9.769124368931707547e-01
2.082790e+02 9.749411955436870780e-01
2.095613e+02 9.713443250501810899e-01
2.108510e+02 9.723960171381345052e-01
2.121483e+02 9.818697256777570992e-01
2.134536e+02 9.784776759606895746e-01
2.147671e+02 9.835418981718638820e-01
2.160891e+02 9.746947204236312556e-01
2.174197e+02 9.840479896710654373e-01
2.187594e+02 9.933129239799318722e-01
2.201083e+02 9.576903706723385312e-01
2.214669e+02 9.642055674907250573e-01
2.228353e+02 9.756497540487245601e-01
2.242140e+02 9.930139170514381552e-01
2.256033e+02 9.878607906382830262e-01
2.270034e+02 9.852113223710160517e-01
2.284148e+02 9.918557527416461683e-01
2.298378e+02 9.682893948602422363e-01
2.312728e+02 9.817939530462137521e-01
2.327202e+02 9.769979212042788630e-01
2.341805e+02 9.786606543983552564e-01
2.356540e+02 9.869644371014708595e-01
2.371412e+02 9.691216688461349316e-01
2.386425e+02 9.812684830135262049e-01
2.401585e+02 9.859726589908552885e-01
2.416897e+02 9.856270188272625576e-01
2.432366e+02 9.780477245012120235e-01
2.447997e+02 9.838022073496837105e-01
2.463798e+02 9.757664544489759173e-01
2.479773e+02 9.896578721282900393e-01
2.495929e+02 9.706068978368904698e-01
2.512274e+02 9.632295960241672450e-01
2.528815e+02 9.571604356643084177e-01
2.545559e+02 9.717139186659915495e-01
2.562515e+02 9.758147993271090170e-01
2.597098e+02 9.891172999293870172e-01
2.614744e+02 9.830891460225239520e-01
2.632640e+02 9.893946930969387266e-01
2.650798e+02 9.545858011839952750e-01
2.687947e+02 9.838904986304339850e-01
2.706964e+02 9.779621864571457213e-01
2.726297e+02 9.757491440580832176e-01
2.745961e+02 9.789873023921581430e-01
2.765973e+02 9.569778346338959629e-01
2.786352e+02 9.589002475670534986e-01
2.807117e+02 9.737834607525827080e-01
2.828290e+02 9.759067782254901013e-01
2.849895e+02 9.591771733891468754e-01
2.871955e+02 9.644965035704398115e-01
2.894498e+02 9.762803781887645638e-01
2.917552e+02 9.550576817850326972e-01
2.965313e+02 9.688727532373936358e-01
2.990083e+02 9.633864505210117946e-01
3.015491e+02 9.859295485820257499e-01
3.041566e+02 9.709261085440356043e-01
3.068339e+02 9.662234610108916266e-01
3.095832e+02 9.724602911546302852e-01
3.153032e+02 9.793152704504671791e-01
3.182729e+02 9.668349433544562999e-01
3.244148e+02 9.461425076237373055e-01
3.275731e+02 9.612194482319399436e-01
3.307766e+02 9.546686136448547799e-01
3.372688e+02 9.552950257348211682e-01
3.405291e+02 9.633700622698476712e-01
3.437788e+02 9.495216240020162290e-01
3.470025e+02 9.622947958166345739e-01
3.501847e+02 9.485679100781970741e-01
3.533115e+02 9.617767922841454764e-01
3.593536e+02 9.608052585931554646e-01
3.622545e+02 9.579418905253305194e-01
3.650714e+02 9.412659087353052456e-01
3.678049e+02 9.330483817164174631e-01
3.704575e+02 9.515627723784104708e-01
3.730331e+02 9.439286805528067648e-01
3.755364e+02 9.573475943468711113e-01
3.779720e+02 9.576553732525076024e-01
3.803447e+02 9.535008769689454766e-01
3.871300e+02 9.463190350273397167e-01
3.914150e+02 9.598893018829600665e-01
3.934960e+02 9.667945259466469432e-01
3.955399e+02 9.635802409637974630e-01
3.975492e+02 9.363246800069081610e-01
3.995262e+02 9.713388278195711489e-01
4.014733e+02 9.475341627529951793e-01
4.052853e+02 9.561986041960967020e-01
4.071537e+02 9.334843318503872611e-01
4.089993e+02 9.400891348971237571e-01
4.108236e+02 9.457429335334402998e-01
4.126279e+02 9.523239252353142836e-01
4.144135e+02 9.454484822364416230e-01
4.161817e+02 9.314704752952994715e-01
4.179337e+02 9.469330504676968241e-01
4.196704e+02 9.512011150748170829e-01
4.213930e+02 9.743616401342838351e-01
4.231024e+02 9.502766011552993275e-01
4.247996e+02 9.650682870712080641e-01
4.264855e+02 9.494402280651148551e-01
4.281609e+02 9.446450814465430224e-01
4.298267e+02 9.483835540929709262e-01
4.314836e+02 9.411624525716816292e-01
4.331324e+02 9.474775151485420599e-01
4.364089e+02 9.653282752521615828e-01
4.380380e+02 9.565834242689661426e-01
4.396619e+02 9.470201431900989730e-01
4.412813e+02 9.445052121802255396e-01
4.428970e+02 9.528360938476962971e-01
4.445095e+02 9.506230989953021737e-01
4.461196e+02 9.543524396297323742e-01
4.477278e+02 9.644828169087350522e-01
4.493350e+02 9.595312025125520838e-01
4.509417e+02 9.581695067939642874e-01
4.525487e+02 9.511211460387732908e-01
4.541565e+02 9.564563192103381351e-01
4.557660e+02 9.586581909738489671e-01
4.573778e+02 9.562371651792155314e-01
4.589926e+02 9.559255043126992923e-01
4.606112e+02 9.378465315314405970e-01
4.622343e+02 9.678651929204183935e-01
4.638627e+02 9.660598771643812421e-01
4.654973e+02 9.519076181130566860e-01
4.671388e+02 9.627997519698560103e-01
4.687882e+02 9.643702117965943232e-01
4.704463e+02 9.650986854980957430e-01
4.721142e+02 9.552176471958129245e-01
4.737928e+02 9.445832299091143636e-01
4.754831e+02 9.614547806443454192e-01
4.771864e+02 9.662052997803572962e-01
4.789038e+02 9.611182241189536457e-01
4.806365e+02 9.739420287974442925e-01
4.823858e+02 9.484059441287280290e-01
4.859400e+02 9.631624449212147221e-01
4.877476e+02 9.455054505498537987e-01
4.914319e+02 9.503830631752855362e-01
4.933114e+02 9.551637146079394736e-01
4.952178e+02 9.588321669407977588e-01
4.971522e+02 9.525310881710944422e-01
4.991155e+02 9.669148908418122579e-01
5.011080e+02 9.431009953276815461e-01
5.031293e+02 9.553268455246456403e-01
5.051778e+02 9.712447813475101333e-01
5.072508e+02 9.641378386037228188e-01
5.093440e+02 9.708137613432746837e-01
5.135666e+02 9.589194264219006447e-01
5.156812e+02 9.689238635659217502e-01
5.177879e+02 9.747057524076951918e-01
5.198797e+02 9.561597695413062148e-01
5.219514e+02 9.546044557161099675e-01
5.239991e+02 9.644233100233292610e-01
5.260208e+02 9.727110379692491815e-01
5.280155e+02 9.658646867092426369e-01
5.299835e+02 9.664265106149555473e-01
5.338435e+02 9.579571836936943141e-01
5.357384e+02 9.665698364506141171e-01
5.394664e+02 9.593026285583515778e-01
5.413030e+02 9.685633451528723459e-01
5.431236e+02 9.532922606111734476e-01
5.467227e+02 9.776920193659349723e-01
5.485042e+02 9.678724408593524231e-01
5.502755e+02 9.635964738988502809e-01
5.520379e+02 9.774573723368239486e-01
5.537925e+02 9.522876032936866686e-01
5.555406e+02 9.640618195342718355e-01
5.572832e+02 9.676421255894032125e-01
5.590213e+02 9.580926107447957918e-01
5.607560e+02 9.413757242735216746e-01
5.624882e+02 9.466329434746864058e-01
5.642189e+02 9.563275702738449624e-01
5.659490e+02 9.597286581000709083e-01
5.676792e+02 9.660122522405538703e-01
5.694106e+02 9.732389044943374756e-01
5.711439e+02 9.581066201240876490e-01
5.728799e+02 9.544219450741221467e-01
5.746194e+02 9.767652431733157004e-01
5.763633e+02 9.475916504469774626e-01
5.781123e+02 9.697714949472455714e-01
5.798673e+02 9.530823645764240348e-01
5.816289e+02 9.513346134614129035e-01
5.833981e+02 9.627917234744001185e-01
5.851756e+02 9.766609431920731943e-01
5.869622e+02 9.714579134113895398e-01
5.887588e+02 9.631733511715190321e-01
5.905661e+02 9.558238193037875696e-01
5.923850e+02 9.551608301636566045e-01
5.942165e+02 9.635908526450985834e-01
5.960612e+02 9.489928884520099084e-01
5.979203e+02 9.586068430419687481e-01
5.997945e+02 9.697267837283323200e-01
6.016849e+02 9.560994649428835590e-01
6.035925e+02 9.324499485497083073e-01
6.055182e+02 9.663322816010729843e-01
6.074633e+02 9.760929871669715707e-01
6.094287e+02 9.721054570430711639e-01
6.114157e+02 9.371950089965619402e-01
6.134255e+02 9.646304138343010370e-01
6.154593e+02 9.577257307209698922e-01
6.175185e+02 9.626498249798289830e-01
6.196045e+02 9.566530706643515680e-01
6.217187e+02 9.503753664272380774e-01
6.260380e+02 9.665834758053558629e-01
6.282465e+02 9.720677355927240804e-01
6.304898e+02 9.660189236692678927e-01
6.327699e+02 9.588313231283080995e-01
6.350887e+02 9.516459727188042450e-01
6.374482e+02 9.681798330032305167e-01
6.398505e+02 9.582144658292721662e-01
6.422979e+02 9.716539211140622356e-01
6.447925e+02 9.451264546298250302e-01
6.473366e+02 9.492665802920505769e-01
6.499325e+02 9.285955968094090629e-01
6.525821e+02 9.692077997279204826e-01
6.552875e+02 9.621966882911061614e-01
6.580505e+02 9.618327372312296397e-01
6.608721e+02 9.533140175448934217e-01
6.666932e+02 9.522315745889238237e-01
6.696913e+02 9.649183350414870519e-01
6.727451e+02 9.525399878651920060e-01
6.758506e+02 9.618238245332939584e-01
6.790026e+02 9.620035917738706255e-01
6.821946e+02 9.445704835602483085e-01
6.854188e+02 9.673954386996616028e-01
6.886671e+02 9.422891790504095422e-01
6.919311e+02 9.619284001558320307e-01
6.952029e+02 9.410073461664947292e-01
6.984754e+02 9.644773842857710111e-01
7.017425e+02 9.498589364273845037e-01
7.049994e+02 9.572132535348164550e-01
7.114689e+02 9.583742036812515908e-01
7.146769e+02 9.561190633311571485e-01
7.178652e+02 9.489804123124769841e-01
7.210331e+02 9.408960309060269145e-01
7.241802e+02 9.588822386664608288e-01
7.273065e+02 9.459706538546774901e-01
7.426336e+02 9.435101845740931914e-01
7.456408e+02 9.688665076093468942e-01
7.486298e+02 9.556078942009516020e-01
7.545553e+02 9.536799642115140196e-01
7.574928e+02 9.396696435807938563e-01
7.604143e+02 9.442353204448793447e-01
7.633204e+02 9.540980082403530682e-01
7.662117e+02 9.369501579596284380e-01
7.690889e+02 9.494186129489574633e-01
7.719526e+02 9.435933062868617771e-01
7.748034e+02 9.604366926688601147e-01
7.776422e+02 9.448506254965484130e-01
7.832861e+02 9.540416606536901156e-01
7.860929e+02 9.544418640805466536e-01
7.888905e+02 9.289013997362145503e-01
7.916798e+02 9.525037593374808820e-01
7.944616e+02 9.551489646386348564e-01
7.972368e+02 9.656719360995518198e-01
8.000063e+02 9.394396478923096039e-01
8.027709e+02 9.432047555772948844e-01
8.055317e+02 9.579239446484373310e-01
8.082895e+02 9.519687930179602242e-01
8.110455e+02 9.557115641111842974e-01
8.138007e+02 9.629088538034467071e-01
8.165562e+02 9.564909358247812854e-01
8.193132e+02 9.592921129682727699e-01
8.248362e+02 9.411161120957167725e-01
8.276049e+02 9.822373127810186677e-01
8.331635e+02 9.674323613767221719e-01
8.359564e+02 9.491870784954788975e-01
8.387605e+02 9.561374584730377713e-01
8.415776e+02 9.422676104773786143e-01
8.444095e+02 9.609902540071068033e-01
8.472582e+02 9.632595770707089722e-01
8.501258e+02 9.477340270383014520e-01
8.530146e+02 9.578123474972844997e-01
8.559272e+02 9.624317146200989104e-01
8.588663e+02 9.542513669790433362e-01
8.618348e+02 9.395462139404473501e-01
8.648359e+02 9.544172389602306739e-01
8.709508e+02 9.475758563027920633e-01
8.740729e+02 9.550046935872685827e-01
8.772444e+02 9.492975265257040940e-01
8.804706e+02 9.456150936033430598e-01
8.837575e+02 9.528733474788524394e-01
8.871117e+02 9.439733381431806292e-01
8.905403e+02 9.534457344927002032e-01
8.976509e+02 9.565992795900614132e-01
9.013475e+02 9.602060056436846347e-01
9.051455e+02 9.489411874999890140e-01
9.090454e+02 9.563938491347254711e-01
9.130400e+02 9.625239796131049852e-01
9.171104e+02 9.674240042338669854e-01
9.212249e+02 9.471652270163928300e-01
9.253426e+02 9.681143707658828035e-01
9.334330e+02 9.383710819259676317e-01
9.373575e+02 9.460368133783513267e-01
9.411913e+02 9.565017641754989253e-01
9.449378e+02 9.387185174521910369e-01
9.486050e+02 9.558573987475686984e-01
9.522019e+02 9.672532515883691673e-01
9.557379e+02 9.595552852570257141e-01
9.592213e+02 9.461605670081083552e-01
9.626599e+02 9.549676963216201520e-01
9.660602e+02 9.436073626049280572e-01
9.694284e+02 9.494159507584682967e-01
9.727698e+02 9.422016332712128683e-01
9.760893e+02 9.432081879734977026e-01
9.793913e+02 9.391397746747092157e-01
9.826798e+02 9.567704837688195685e-01
9.859588e+02 9.631922408632491717e-01
9.892317e+02 9.654871839333154515e-01
9.925018e+02 9.504003813189561001e-01
9.957724e+02 9.658517740698132625e-01
1.002327e+03 9.630366895871227406e-01
1.005618e+03 9.620293510807685911e-01
1.008920e+03 9.372994486539546477e-01
1.012238e+03 9.601436166531865934e-01
1.015575e+03 9.409114566956960912e-01
1.018932e+03 9.511362330285019206e-01
1.022314e+03 9.498436462766133292e-01
1.025724e+03 9.389119694614913580e-01
1.029164e+03 9.542071705502702672e-01
1.032639e+03 9.324749088648220940e-01
1.036152e+03 9.494434519526303573e-01
1.039706e+03 9.703344720927155054e-01
1.043307e+03 9.388381951916332513e-01
1.046959e+03 9.501436691761980802e-01
1.050666e+03 9.456481783935187790e-01
1.054434e+03 9.600921992279402017e-01
1.058269e+03 9.469539776546471721e-01
1.062179e+03 9.440690179150419414e-01
1.066169e+03 9.564740196561614116e-01
1.070249e+03 9.423228619638781556e-01
1.074427e+03 9.399601240136663538e-01
1.078715e+03 9.521927933334599636e-01
1.083124e+03 9.713945990911933004e-01
1.092353e+03 9.380225351103116394e-01
1.097199e+03 9.411109731255845601e-01
1.102213e+03 9.502824139469815412e-01
1.107397e+03 9.453591448421684307e-01
1.112737e+03 9.650552712790301246e-01
1.118200e+03 9.484499517200316587e-01
1.123726e+03 9.399056818780350264e-01
1.129246e+03 9.436174018971759114e-01
1.134695e+03 9.580860184306904115e-01
1.140033e+03 9.632739200186213324e-01
1.145242e+03 9.518269586714098729e-01
1.150325e+03 9.633331118383395841e-01
1.155291e+03 9.472075119841710800e-01
1.160156e+03 9.494897838507289078e-01
1.164933e+03 9.462088533308600224e-01
1.169635e+03 9.447384319557762256e-01
1.174275e+03 9.396390867520252321e-01
1.178862e+03 9.484020511260681241e-01
1.183406e+03 9.440535195684019998e-01
1.192394e+03 9.569284679690674977e-01
1.196854e+03 9.361556818571662442e-01
1.201298e+03 9.472700656147939879e-01
1.205734e+03 9.364030470280516605e-01
1.210166e+03 9.504342847940434602e-01
1.214601e+03 9.591395349214569821e-01
1.219045e+03 9.450091298383126448e-01
1.223502e+03 9.619939747475326763e-01
1.232481e+03 9.476438732428191791e-01
1.237016e+03 9.484858064553062240e-01
1.241589e+03 9.458173940791634315e-01
1.246207e+03 9.465641290619812853e-01
1.250879e+03 9.567431091689975187e-01
1.255613e+03 9.449197567562918065e-01
1.260419e+03 9.433258971817582994e-01
1.265307e+03 9.756433701253114377e-01
1.270291e+03 9.218120302432806223e-01
1.275383e+03 9.594462151459093313e-01
1.280601e+03 9.273564403199786588e-01
1.285964e+03 9.541472927437625318e-01
1.291495e+03 9.642834383322966829e-01
1.297220e+03 9.491102719984881864e-01
1.303171e+03 9.426579495351493643e-01
1.309379e+03 9.377099515634879090e-01
1.315871e+03 9.522073239614193829e-01
1.322651e+03 9.527221605219610145e-01
1.329670e+03 9.521222944406761979e-01
1.336797e+03 9.435992600420592957e-01
1.343857e+03 9.444805864587563216e-01
1.350715e+03 9.543842739933080521e-01
1.357323e+03 9.502514697182109504e-01
1.363693e+03 9.685757322846263451e-01
1.369863e+03 9.526589177817722520e-01
1.375873e+03 9.447710070327902665e-01
1.381760e+03 9.342561961064083098e-01
1.387556e+03 9.547705066608014324e-01
1.393284e+03 9.446519702231553905e-01
1.398966e+03 9.520350384444696834e-01
1.404618e+03 9.632918710375455440e-01
1.410256e+03 9.373377013761279297e-01
1.415894e+03 9.451750183132802130e-01
1.421546e+03 9.413099977168580823e-01
1.427225e+03 9.681377492873971535e-01
1.438718e+03 9.377373559805376457e-01
1.444559e+03 9.215710686791737105e-01
1.450485e+03 9.413978245795910915e-01
1.456511e+03 9.354546520113709018e-01
1.462658e+03 9.507660615721524877e-01
1.475405e+03 9.430500575215532422e-01
1.482062e+03 9.759299626430721908e-01
1.488955e+03 9.501649188118241884e-01
1.496131e+03 9.397807249766233495e-01
1.503644e+03 9.529927736428907004e-01
1.511558e+03 9.530415313403136635e-01
1.519936e+03 9.515016857291875851e-01
1.528800e+03 9.567364497395041134e-01
1.538044e+03 9.394789460970287553e-01
1.547370e+03 9.500333971059103932e-01
1.556445e+03 9.624178019606688395e-01
1.565117e+03 9.405616114025125984e-01
1.573401e+03 9.442886366788257879e-01
1.581370e+03 9.495794536535172581e-01
1.589104e+03 9.612663474604791203e-01
1.596674e+03 9.378966388153550104e-01
1.604136e+03 9.509134044660533247e-01
1.611534e+03 9.588126396790026540e-01
1.618904e+03 9.469888437924499636e-01
1.626275e+03 9.559009587264787333e-01
1.633678e+03 9.344909478238819789e-01
1.641139e+03 9.535765693230437989e-01
1.648690e+03 9.377032528817246249e-01
1.656361e+03 9.533456038716884295e-01
1.664189e+03 9.521023193735257406e-01
1.672213e+03 9.538553478618726489e-01
1.680485e+03 9.290524834335567306e-01
1.689065e+03 9.496942436474519189e-01
1.698032e+03 9.545279905463612824e-01
1.707486e+03 9.569178168428094100e-01
1.717556e+03 9.460066961431530252e-01
1.728383e+03 9.434157066474386788e-01
1.740023e+03 9.532697509107245226e-01
1.752157e+03 9.564420349745044181e-01
1.764050e+03 9.592121633437131756e-01
1.775264e+03 9.492453711472697009e-01
1.785831e+03 9.371230380751185418e-01
1.795919e+03 9.453122839432261948e-01
1.805685e+03 9.479963314463080160e-01
1.815267e+03 9.488338122280032261e-01
1.824770e+03 9.751379256001005968e-01
1.834276e+03 9.417536181285680597e-01
1.853561e+03 9.345877491764625900e-01
1.863474e+03 9.396800964828521119e-01
1.873666e+03 9.419114429358068641e-01
1.895290e+03 9.467155842207810590e-01
1.907004e+03 9.428693005314624509e-01
1.919598e+03 9.456129618481546872e-01
1.933360e+03 9.485704828852127291e-01
1.948485e+03 9.550868543647977882e-01
1.964343e+03 9.542326895084282112e-01
1.979486e+03 9.461498542863365779e-01
1.993483e+03 9.532863780489594374e-01
2.006643e+03 9.528282968977055400e-01
2.019279e+03 9.373808925575627393e-01
2.043979e+03 9.437653804593646445e-01
2.056434e+03 9.301636834507259755e-01
2.069169e+03 9.529393141464576056e-01
2.082349e+03 9.470980760165105261e-01
2.096171e+03 9.366457927740432510e-01
2.110912e+03 9.496423103054971726e-01
2.126979e+03 9.670930885777064834e-01
2.144956e+03 9.531501821737644597e-01
2.185440e+03 9.529611874960249862e-01
2.203916e+03 9.482835731736801721e-01
2.220971e+03 9.560032541342899925e-01
2.237279e+03 9.444704697780543778e-01
2.253292e+03 9.620500484542292563e-01
2.269443e+03 9.517573295861506688e-01
2.286117e+03 9.333813861082437269e-01
2.303717e+03 9.476222368034379340e-01
2.322787e+03 9.538493694192103911e-01
2.369122e+03 9.411486805010231826e-01
2.396011e+03 9.466380089559630617e-01
2.442222e+03 9.441663706312268811e-01
2.463366e+03 9.512369379487878307e-01
2.484441e+03 9.412592624839265509e-01
2.506306e+03 9.557197708263316382e-01
2.529979e+03 9.478005496872906610e-01
2.556955e+03 9.556906311825488221e-01
2.589628e+03 9.445533523282957367e-01
2.619754e+03 9.546669838689343379e-01
2.649566e+03 9.565673251685514744e-01
2.677802e+03 9.517668757410647773e-01
2.734696e+03 9.534431876210357482e-01
2.767466e+03 9.532537849427379362e-01
2.808120e+03 9.601536278481838105e-01
2.847399e+03 9.427577688440564874e-01
2.886134e+03 9.494268222874162610e-01
2.923320e+03 9.677378045529795303e-01
2.961588e+03 9.431627950074643607e-01
3.005422e+03 9.321991130762909972e-01
3.063584e+03 9.555842030539025700e-01
3.114121e+03 9.579931713339115973e-01
3.163765e+03 9.368929137228804160e-01
3.216545e+03 9.568582618222123415e-01
3.280790e+03 9.709584385906138149e-01
3.425843e+03 9.634765507874419876e-01
3.500988e+03 9.385421567387253194e-01
3.602902e+03 9.333666531878648254e-01
4.171406e+03 9.499979248729444326e-01
4.391586e+03 9.572985514527523332e-01
4.667527e+03 9.527798524571707839e-01
4.976702e+03 9.571441811484693307e-01
5.356719e+03 9.611738881380396116e-01
6.239111e+03 9.846119441498211167e-01
6.718108e+03 9.806802659096648389e-01
7.731905e+03 9.711784271988613826e-01
8.256570e+03 9.558557869931111339e-01
8.792899e+03 9.738729210348402443e-01
9.341728e+03 9.549214906149013915e-01
9.903242e+03 9.874542505586895169e-01
1.047750e+04 9.686908015133962602e-01
1.106474e+04 9.667158773316935072e-01
1.166532e+04 9.731450111097911249e-01
1.227956e+04 9.746288871695226730e-01
1.290777e+04 9.819097217180396964e-01
1.355027e+04 9.736407531991255748e-01
1.420738e+04 9.709882679554923124e-01
1.487945e+04 9.918774071550106042e-01
1.556682e+04 9.940927321811579009e-01
1.626984e+04 9.751057120738210182e-01
1.698888e+04 9.718164813354827070e-01
1.772430e+04 9.699806967435466998e-01
1.847648e+04 9.704224720161559459e-01
1.924580e+04 9.686112861101253690e-01
2.083749e+04 9.859713051661136429e-01
2.166066e+04 9.774841914071298321e-01
2.250261e+04 9.813763316146459914e-01
2.336376e+04 9.959569609007155044e-01
2.424457e+04 9.796301992653783097e-01
2.514547e+04 9.872054305721785772e-01
2.606692e+04 9.974415405320965489e-01
2.700940e+04 9.810172902751398416e-01
2.797338e+04 9.950736772529829022e-01
2.895935e+04 9.816119404941645588e-01
2.995935e+04 1.016774945534254515e+00
3.095935e+04 1.002993780140892577e+00
3.195935e+04 9.839537228922353718e-01
3.295935e+04 9.917551728177106396e-01
3.395935e+04 9.720138941578039260e-01
3.595935e+04 9.682678676577963772e-01
3.695935e+04 9.946384497324800567e-01
3.795935e+04 9.722219079176784851e-01
3.895935e+04 1.002045358861333391e+00
3.995935e+04 9.703195107287632126e-01
4.095935e+04 9.891441814797423682e-01
4.295935e+04 9.837481940496074495e-01
4.395935e+04 9.891654274680118375e-01
4.495935e+04 9.884631432400788897e-01
4.595935e+04 1.011700601400921329e+00
4.695935e+04 1.006546334530290299e+00
4.795935e+04 9.774602287889764263e-01
4.895935e+04 9.933038603742889716e-01
4.995935e+04 9.895270800765171293e-01
5.095935e+04 1.005306351109076513e+00
5.195935e+04 9.889218134525193937e-01
5.295935e+04 9.926123701905114061e-01
5.495935e+04 9.752343118931301458e-01
5.595935e+04 9.803770626980070624e-01
5.695935e+04 1.002513346853478149e+00
5.895935e+04 9.691672944899344389e-01
5.995935e+04 9.764026153421953014e-01
6.095935e+04 9.970096302895089524e-01
6.195935e+04 9.724947624130509949e-01
6.295935e+04 9.930529490300679107e-01
6.395935e+04 1.006383007540796237e+00
6.495935e+04 9.897467902914445226e-01
6.595935e+04 9.851726330304180212e-01
6.695935e+04 1.023268792212972622e+00
6.795935e+04 9.944748340611102577e-01
6.895935e+04 9.952207375409403145e-01
7.095935e+04 9.890924898997384140e-01
7.295935e+04 9.977868586026580333e-01
7.395935e+04 9.774851004243585439e-01
7.495935e+04 1.007023213212763890e+00
7.595935e+04 9.828447647540923260e-01
7.695935e+04 9.990272754049692727e-01
7.795935e+04 1.007669394405391605e+00
7.895935e+04 9.949471472822520868e-01
7.995935e+04 1.005872900496342703e+00
8.295935e+04 9.968945601206257168e-01
8.495935e+04 1.005637245835776961e+00
8.595935e+04 9.925183612734530536e-01
8.795935e+04 1.000094886166297492e+00
8.895935e+04 1.001411446094941482e+00
8.995935e+04 9.989021096662542565e-01
9.095935e+04 9.976430015647503868e-01
9.195935e+04 1.003407361376293494e+00
9.295935e+04 9.975908792945239467e-01
9.395935e+04 9.970813234783388879e-01
9.495935e+04 1.010451018722704042e+00
9.595935e+04 9.821383741516618304e-01
9.695935e+04 9.930655098615364107e-01
9.795935e+04 9.933414945716094735e-01
9.895935e+04 9.738701489414018919e-01
9.947968e+04 9.912340951503803010e-01
1.000000e+05 9.915394603145610830e-01
