# t  Nu
0.000000000000000000e+00 9.916576808552196587e-01
9.256571406894371139e-07 1.006521113787287147e+00
1.000000000000000167e-06 9.963936211245748575e-01
2.000000000000000333e-06 1.000338216294125893e+00
3.000000000000000076e-06 1.005094612833550949e+00
3.999999999999999819e-06 9.993937195423575615e-01
6.000000000000000152e-06 1.015184313997930410e+00
9.999999999999999124e-06 1.021964541993410691e+00
1.799999999999999707e-05 1.004945292438426119e+00
3.399999999999999973e-05 1.011079613786606046e+00
6.600000000000000506e-05 1.008712272957652090e+00
1.300000000000000157e-04 9.940462553812513535e-01
2.579999999999999828e-04 1.003089168613850113e+00
5.139999999999999170e-04 1.001813488349198034e+00
1.026000000000000002e-03 1.010541873899976073e+00
2.049999999999999739e-03 1.016231577930378993e+00
4.097999999999999213e-03 1.003979379334629218e+00
4.797391789405622275e-03 1.002625411137955336e+00
8.193999999999999895e-03 1.003437543986551050e+00
1.638599999999999779e-02 9.893266002156696493e-01
3.276999999999999358e-02 1.005350655072114074e+00
6.553799999999998516e-02 9.822444971562124261e-01
1.310739999999999683e-01 9.930992266430228588e-01
2.621459999999999901e-01 9.991813489580338992e-01
4.702088806736735016e-01 1.011865420852333441e+00
6.742662375547912035e-01 9.646149011839287857e-01
8.690130241404915301e-01 9.844109578592943333e-01
1.061484194568572015e+00 1.005201701530975766e+00
1.250084593297765556e+00 9.923019560854445809e-01
1.435517068577543354e+00 9.697934285011171607e-01
1.618119362695650043e+00 1.001681078709714567e+00
1.796972039256896636e+00 9.775154559212761995e-01
1.970926706328080869e+00 9.748542746908559486e-01
2.138664597664629241e+00 9.786502522823333772e-01
2.298672332909756033e+00 9.743132090227674125e-01
2.449268686716929100e+00 9.804470158258448143e-01
2.588533856263518729e+00 9.745155662607907221e-01
2.697521504001312742e+00 9.489983012796535666e-01
2.790052677393611180e+00 9.621504109732179622e-01
2.859506269456717042e+00 9.512757885402891578e-01
2.934812769589951298e+00 9.472784385473047575e-01
3.011074352836967893e+00 9.548896910605703114e-01
3.108397617431143622e+00 9.456495082149148912e-01
3.228461401183914337e+00 9.406572044538276112e-01
3.366386714356213616e+00 9.379646045629693729e-01
3.393985942805149314e+00 9.307778458375975950e-01
3.519651440345327842e+00 9.389079467611025631e-01
3.686148138018069620e+00 9.257043084550560241e-01
3.691489588236850583e+00 9.321388870159043050e-01
3.864116396162597056e+00 9.185136879052929748e-01
4.052277967797105696e+00 9.480140652766311238e-01
4.249468142030350393e+00 9.000660833238903757e-01
4.454544881063774220e+00 9.088099376204573643e-01
4.666406546090847485e+00 9.130985700634056679e-01
4.883991954862683116e+00 9.248839007449650707e-01
5.106286875140622072e+00 8.933118588314005182e-01
5.332324313620525835e+00 9.125645058630706963e-01
5.561172816744009317e+00 8.841252196357791693e-01
5.791918816999170438e+00 8.734520538104311171e-01
6.023646125097553927e+00 8.783742680840129768e-01
6.255414428616610678e+00 8.750130348456582885e-01
6.486238319391199880e+00 8.644024482083041416e-01
6.715067573974978110e+00 8.694369959759745692e-01
6.844990895673808140e+00 8.555931252784159113e-01
6.901826791447631670e+00 8.732370883190569977e-01
6.940768968820461460e+00 8.623831990873199738e-01
7.162109581581463935e+00 8.481741526737535120e-01
7.377740955896162411e+00 8.452479080775866516e-01
7.586182432308381962e+00 8.630313863812280051e-01
7.785799927371069629e+00 8.571091133452938271e-01
7.974772650809325292e+00 8.388655050527765722e-01
8.151032756017317027e+00 8.428833975607952222e-01
8.293943333066881252e+00 8.324506548106356263e-01
8.418546762884000501e+00 8.347463021666190475e-01
8.519288618019400516e+00 8.431819256631777337e-01
8.580654395134571288e+00 8.355863595747499151e-01
8.610700503601085742e+00 8.444791172277920088e-01
8.695958050510709469e+00 8.237590604209452660e-01
8.806846961733265644e+00 8.335707816751948274e-01
8.945755531097724145e+00 8.315420276883049855e-01
9.107694526211583153e+00 8.349876712911744603e-01
9.289543604331276683e+00 8.260772867050759638e-01
9.488318235411146162e+00 8.271458627652125140e-01
9.701813305800397913e+00 8.379845459333834512e-01
9.928502106152759410e+00 8.286117080146218061e-01
1.016696595163737094e+01 8.103315802642409027e-01
1.041576410501063066e+01 7.964041138505885131e-01
1.067341826097609214e+01 7.958232377801203183e-01
1.093840949277660712e+01 8.107244309716638009e-01
1.120920610501458015e+01 8.016194256825147635e-01
1.148428913402700857e+01 7.964885326661966802e-01
1.176216505664700840e+01 7.977078851910816004e-01
1.204136887378070853e+01 7.935332764936536831e-01
1.232045852987661583e+01 7.945389933073274680e-01
1.259800248105974418e+01 7.848108428357239985e-01
1.287256250618876763e+01 7.954168154202949648e-01
1.314267304481520782e+01 7.813477091441349831e-01
1.340681766354074433e+01 7.794220948253333114e-01
1.366340242138061534e+01 7.963513625135515417e-01
1.391072462611978722e+01 7.542282615629806175e-01
1.414693330933541837e+01 7.698596000083625102e-01
1.436997359676058039e+01 7.808769222630906892e-01
1.457749840256940210e+01 7.670619620620054979e-01
1.474482634370873413e+01 7.637526727128349791e-01
1.489027601870887985e+01 7.596062159223223587e-01
1.500716866997171550e+01 7.620824410701123597e-01
1.512874916231404043e+01 7.624266488756632487e-01
1.525474245795369477e+01 7.625630504112628216e-01
1.540905290932005478e+01 7.552614655398575128e-01
1.559314224287261652e+01 7.676535445413009695e-01
1.580130760878332730e+01 7.501156700475192229e-01
1.603032733762036699e+01 7.652519403068136494e-01
1.627737940645587500e+01 7.630248011129823205e-01
1.654005073284407601e+01 7.423573828085276993e-01
1.681636714137961874e+01 7.423166895843297253e-01
1.688684640518068392e+01 9.344789078898831924e-01
1.710432933373646947e+01 7.465364371627953854e-01
1.740181022945026967e+01 7.375340405628030283e-01
1.770659943223921928e+01 7.378468168451119968e-01
1.801645797695816142e+01 7.425099763514605433e-01
1.813341970760981425e+01 7.442669651585764878e-01
1.832919187152419127e+01 7.287457094969591598e-01
1.864271143774232797e+01 7.292700389474671141e-01
1.895505941526142024e+01 7.295684814230167792e-01
1.926441057241525812e+01 7.353521355681198468e-01
1.956904824409918575e+01 7.306934716697469634e-01
1.986732474632927037e+01 7.082022489152132172e-01
2.015761188037582130e+01 7.193818952649073672e-01
2.043824480230050256e+01 7.295093578814985102e-01
2.070745933091840740e+01 7.206236579475764348e-01
2.096331918720410314e+01 7.110080406727604663e-01
2.120362420130632941e+01 7.225494527045799309e-01
2.142577912352631131e+01 7.247365805422326668e-01
2.153926733872382471e+01 7.246435083513091957e-01
2.160093628521469356e+01 7.222751853098730024e-01
2.175057120878203065e+01 7.334155810567221101e-01
2.190262543203657941e+01 7.141871924592864129e-01
2.205527961369933720e+01 7.187538844062508758e-01
2.223662552837616957e+01 7.235430928525011796e-01
2.244806741636210390e+01 7.179713543844974399e-01
2.268321988462339789e+01 7.069524855926599960e-01
2.293784178721919886e+01 7.069625387158812169e-01
2.320720610637897252e+01 7.108049275651792120e-01
2.348638296293458794e+01 6.925810598855413058e-01
2.377043197717173229e+01 7.148261031712976887e-01
2.405423434472487543e+01 7.136039516278454009e-01
2.433283823701811599e+01 7.104154945844393110e-01
2.460180900718596675e+01 6.942164829317489794e-01
2.485731192101475173e+01 7.094733175554149840e-01
2.509596359880237060e+01 7.039983445963964304e-01
2.529080278753742661e+01 7.078100049053464016e-01
2.546231699477220900e+01 6.983277673023898791e-01
2.563498504718256754e+01 6.945116139928385612e-01
2.579929342867002262e+01 7.038999656442537223e-01
2.599036741007072138e+01 7.035721334024965801e-01
2.621137800306405552e+01 7.019287411850712033e-01
2.645690211374733281e+01 6.963148306248839736e-01
2.672460957909986234e+01 6.909052554384410572e-01
2.701201398834691858e+01 6.962559942200122753e-01
2.731726926921478338e+01 6.908161127979297600e-01
2.763939853224102094e+01 6.930775787810535826e-01
2.797768010728075794e+01 6.814668481935645117e-01
2.833150532307489655e+01 6.873589706718594705e-01
2.857099077659846387e+01 6.845450687146156232e-01
2.870035325084603173e+01 6.906714360870024327e-01
2.908374935153175755e+01 6.887734049590763519e-01
2.948125733917899893e+01 6.866685881802646607e-01
2.989247552225134541e+01 6.694538265635489038e-01
3.031702717613150710e+01 6.860678398633477393e-01
3.075455044614173872e+01 6.725305570373304453e-01
3.120468821382331370e+01 6.673835812904654885e-01
3.166707808806829050e+01 6.782313468120517719e-01
3.214134312702223895e+01 6.733478893225423034e-01
3.262708338788886664e+01 6.742058142518905228e-01
3.312386837988958632e+01 6.787975368800828191e-01
3.363123063625511122e+01 6.797370768295463161e-01
3.414866070221930983e+01 6.754933714939971301e-01
3.467560390535559378e+01 6.743399388287936169e-01
3.521145929155939314e+01 6.673067125403426836e-01
3.575558106716857765e+01 6.697409910730686144e-01
3.630728275433771302e+01 6.575974003605773444e-01
3.686584407681383624e+01 6.623673855670062505e-01
3.743052034662837002e+01 6.592614850003257754e-01
3.800055386129976398e+01 6.759670524047856066e-01
3.857518659374184722e+01 6.722309275379844129e-01
3.915367330658522604e+01 6.681381061756944684e-01
3.973529418399323276e+01 6.630715508507528666e-01
4.031936615431931870e+01 6.588555874036011728e-01
4.090525225952281829e+01 6.552527927260547447e-01
4.149236867313944543e+01 6.601550755246506919e-01
4.208018923048354765e+01 6.703859916698818866e-01
4.257312678799341654e+01 6.540348651851964901e-01
4.266824756911633187e+01 6.702065258225639033e-01
4.287388767590670824e+01 6.611599081834257374e-01
4.325613715543175175e+01 6.703653885815787916e-01
4.384350958096131023e+01 6.600430640784484826e-01
4.443007155453470602e+01 6.594158871406345934e-01
4.501558100502040816e+01 6.663826745525422979e-01
4.559984266243463225e+01 6.779763272405684438e-01
4.618270342022095321e+01 6.663790580788641060e-01
4.676404771024709106e+01 6.659829517006706778e-01
4.734379305621702372e+01 6.513261555625888821e-01
4.792188591334024750e+01 6.559384646859133250e-01
4.849829785672985594e+01 6.655480090698630002e-01
4.907302214574026777e+01 6.554847724576255974e-01
4.955062017920957373e+01 6.627050055249791294e-01
4.964607066730594909e+01 6.644794496723670507e-01
5.021747124404744511e+01 6.637902640972920265e-01
5.078726528309407229e+01 6.693866527490052176e-01
5.135550573576798428e+01 6.562333944710377898e-01
5.192225533591939524e+01 6.711264867808925949e-01
5.248758508469624928e+01 6.691343912453330267e-01
5.305157295066666023e+01 6.693265534980096243e-01
5.342134431235434988e+01 6.626008970174795953e-01
5.361430275635876086e+01 6.610473185622955938e-01
5.417586322492351059e+01 6.651446972377659250e-01
5.473634716293103963e+01 6.650200824281200518e-01
5.529585075807669625e+01 6.751595843196751545e-01
5.585447297288335733e+01 6.686798032778642487e-01
5.641231501775285295e+01 6.749167152260735492e-01
5.696947988824290121e+01 6.663086236786174288e-01
5.752607195371168558e+01 6.776271283890736852e-01
5.787799563151962445e+01 6.709694613588800260e-01
5.808219658545269226e+01 6.546642765991820268e-01
5.863795981367337617e+01 6.636694640568623349e-01
5.919346800388418472e+01 6.744186811072570009e-01
5.974882754370471361e+01 6.595863870684697261e-01
6.030414453234823924e+01 6.697611433293300109e-01
6.085952446469757149e+01 6.643164974399201617e-01
6.141507190319460818e+01 6.799091148125164796e-01
6.197089013077142283e+01 6.723552750504353526e-01
6.252708077772454942e+01 6.969781733177206062e-01
6.308374341697141574e+01 6.708473719110615852e-01
6.364097512193625761e+01 6.820929602445545692e-01
6.419886998112959020e+01 6.735017914788552496e-01
6.475751856515623217e+01 6.876604649261258695e-01
6.531700734238862083e+01 6.883879312332612521e-01
6.587741803961669973e+01 6.822339710692445491e-01
6.643882694730335459e+01 6.880150039356925928e-01
6.651903283665976119e+01 6.908305843111662847e-01
6.700130416871967043e+01 6.951314280534963697e-01
6.756491281672566629e+01 6.896568353905285775e-01
6.812970816274312824e+01 6.834232467125271882e-01
6.869573674778384031e+01 6.949089545264374168e-01
6.912171325702963998e+01 6.967391398415673232e-01
6.926303546838916247e+01 6.814956439953933076e-01
6.983163065521011958e+01 6.839877250140455889e-01
7.040153716698888786e+01 6.904846464126461747e-01
7.097275752853164477e+01 6.935394153956790930e-01
7.154528114555000684e+01 6.830107885894984854e-01
7.211908363497906294e+01 7.050316843613928519e-01
7.269412631264864899e+01 7.032695286533984236e-01
7.327035588221018259e+01 7.018523132897456218e-01
7.351468029173855712e+01 6.911433921936085412e-01
7.384770436978368480e+01 6.943840179262801282e-01
7.442608934454754888e+01 7.042235856657996784e-01
7.500541445973614429e+01 7.071888147966980398e-01
7.558557033718246032e+01 7.020857708144201403e-01
7.616643580594775642e+01 7.137186180181036566e-01
7.674787948797140302e+01 6.984395048243087212e-01
7.732976170464729648e+01 7.201547084826248613e-01
7.791193665961968406e+01 7.068450979726851324e-01
7.849425483459150144e+01 7.186302268699015228e-01
7.907656551994570293e+01 7.050711197823918974e-01
7.965871939227947962e+01 6.979085664871257366e-01
8.024057104679498309e+01 7.237282217705258702e-01
8.082198139583617547e+01 7.165395432951946475e-01
8.140281984873291776e+01 7.107514933664499379e-01
8.198296621877891255e+01 7.070943623513517018e-01
8.244052650857867093e+01 7.212307687234655873e-01
8.256231229089910073e+01 7.251830048458297595e-01
8.314076303655564004e+01 7.276089260066243014e-01
8.371823746180662340e+01 7.238935232436355394e-01
8.429466909594141555e+01 7.233908691164229188e-01
8.487000615039937657e+01 7.226506725976605816e-01
8.544421138033295904e+01 7.274766065490020361e-01
8.601726169402135724e+01 7.349111864477635425e-01
8.655802337909190669e+01 7.271360584151391748e-01
8.658914755763093751e+01 7.275758518948927112e-01
8.715987224286362789e+01 7.166763458629358263e-01
8.772945096303672585e+01 7.375297644954290632e-01
8.829790993885235650e+01 7.399537146135690691e-01
8.886528542978304301e+01 7.338579759609105135e-01
8.943162276114331632e+01 7.302638307267812490e-01
8.999697537111049428e+01 7.415112979170379592e-01
9.056140389634930443e+01 7.249390402607095441e-01
9.112497530959448966e+01 7.362619445721141354e-01
9.168776211836855339e+01 7.247039700843795895e-01
9.224984163002221749e+01 7.223399377383455944e-01
9.281129528537981344e+01 7.498507538866615585e-01
9.337220806076445001e+01 7.296813522388911899e-01
9.393266793647239865e+01 7.362623919066196843e-01
9.449276542826484615e+01 7.395515392739127059e-01
9.505259317794059370e+01 7.440780128461504939e-01
9.561224559820472280e+01 7.372546217162093685e-01
9.617181856730273637e+01 7.404920488028774450e-01
9.673140916867437511e+01 7.494761925626345356e-01
9.729111547134860416e+01 7.474101161292625584e-01
9.785103634705033926e+01 7.424433320639449718e-01
9.841127132050611692e+01 7.516765958809678017e-01
9.897192044966206481e+01 7.481025391535965907e-01
9.953308423306938835e+01 7.472757382643342439e-01
1.000948635418641572e+02 7.510860953446091282e-01
1.006573595738876179e+02 7.437549035731942926e-01
1.012206738277344158e+02 7.429795824746631139e-01
1.017849080943146163e+02 7.451742003367596290e-01
1.023501644636729964e+02 7.401866686212000834e-01
1.029165453445277763e+02 7.606302439436021245e-01
1.034841534938544640e+02 7.502302995561602739e-01
1.040530920541795012e+02 7.632966130279749128e-01
1.046234645957191844e+02 7.477989188826653644e-01
1.051953751610844847e+02 7.468204545141382544e-01
1.057689283101446023e+02 7.439455668284610246e-01
1.063442291633873538e+02 7.592906006351721748e-01
1.067313932822547002e+02 7.397370902712194773e-01
1.069213834421287146e+02 7.620069811627366851e-01
1.075004975048893385e+02 7.575581815059203583e-01
1.080816783794614935e+02 7.580473281249683337e-01
1.086650337911900124e+02 7.462568158854735456e-01
1.092506721882299701e+02 7.607079225038420045e-01
1.098387027655502521e+02 7.544071060207450108e-01
1.104292354892808135e+02 7.462930540834166182e-01
1.110223811241402387e+02 7.447978223972785417e-01
1.116182512659971309e+02 7.602843492071523768e-01
1.122169583823069274e+02 7.552699126728124046e-01
1.128186158624887128e+02 7.535614594491053531e-01
1.134233380805364817e+02 7.507489658054016246e-01
1.140312404708270719e+02 7.445877819280504184e-01
1.146424396184412018e+02 7.607750340987199378e-01
1.152271406706135934e+02 7.546684280854160098e-01
1.152570533636017558e+02 7.601548417202417252e-01
1.153750321419684184e+02 7.599494103222198538e-01
1.158752009199751853e+02 7.613660908598937072e-01
1.164970030048109351e+02 7.699103558001769709e-01
1.171225819790768554e+02 7.554972909812374127e-01
1.177520619942274180e+02 7.706804061637249070e-01
1.183855691422759264e+02 7.591717369266060000e-01
1.190232316048421239e+02 7.615916533144769796e-01
1.196651797970228017e+02 7.362988160736152476e-01
1.203115465016487065e+02 7.541113475563145929e-01
1.209624669894355691e+02 7.568676361727887381e-01
1.216180791212013759e+02 7.577495842768686707e-01
1.222785234283266504e+02 7.574154141219680003e-01
1.226506553168724452e+02 7.568526315113320857e-01
1.229439431687652018e+02 7.419540521610213935e-01
1.236144843559638389e+02 7.466650837671073848e-01
1.242902957595149331e+02 7.618323705081829766e-01
1.249715288770680388e+02 7.533522393688825147e-01
1.256583378776129649e+02 7.622760571848781197e-01
1.259207380715684934e+02 7.402973565858183003e-01
1.263508795174798109e+02 7.616941981208378287e-01
1.270493130311389223e+02 7.578820878182863652e-01
1.277537999995958273e+02 7.541113820127380851e-01
1.284645041998033719e+02 7.649682185885676722e-01
1.288705149215892902e+02 7.739762248141168755e-01
1.291815914389993054e+02 7.718897027465084770e-01
1.299052293783484231e+02 7.577244229553393717e-01
1.306355873499766744e+02 7.554736510588048182e-01
1.313728361720389728e+02 7.538908791071573523e-01
1.321171479656107977e+02 7.541056682532565336e-01
1.328686959768408542e+02 7.540776592931948130e-01
1.336276544071791932e+02 7.658756122241940911e-01
1.343941982530701864e+02 7.506995647376591974e-01
1.351685031557697698e+02 7.742005072771391827e-01
1.359507452598316206e+02 7.546582451206911291e-01
1.367411010777960882e+02 7.433461453886975878e-01
1.375397473563285189e+02 7.399108484904955985e-01
1.383468609370079321e+02 7.447056764934033568e-01
1.387495513378186729e+02 7.454772468417365516e-01
1.391626186033861643e+02 7.568453724105072000e-01
1.399871969035918085e+02 7.486314930516008159e-01
1.408207719356132941e+02 7.548390987782310768e-01
1.416635190807144795e+02 7.566833755163979713e-01
1.425156126692714054e+02 7.452331482159039178e-01
1.433772255608602677e+02 7.468466041385447562e-01
1.442485286206291448e+02 7.474068232606941864e-01
1.451296900731758512e+02 7.436513808438199868e-01
1.452493081203789416e+02 7.349923997142081555e-01
1.460208747152696276e+02 7.473086157297995635e-01
1.469222429702393242e+02 7.437126804701965632e-01
1.478339497688455424e+02 7.396897418623629150e-01
1.487561432446580341e+02 7.463546825739438839e-01
1.496889632368572052e+02 7.294202831009503063e-01
1.497935202997712167e+02 7.366897355578158058e-01
1.506325395992212748e+02 7.461830523569858986e-01
1.515869903226429756e+02 7.384564977869928493e-01
1.525524194876993818e+02 7.404692328816427915e-01
1.535289150758534049e+02 7.377385201971280448e-01
1.545165466813057833e+02 7.255313057680495836e-01
1.555153631801362621e+02 7.302287960500140063e-01
1.565253904291543847e+02 7.543902985399393302e-01
1.575466290822522240e+02 7.509668052450561015e-01
1.585790526258869875e+02 7.439612005257754124e-01
1.596226057464496080e+02 7.338660841456340345e-01
1.606772031481976910e+02 7.391234621914990477e-01
1.617427289395754997e+02 7.249630951518809541e-01
1.628190366966425415e+02 7.302391612197028925e-01
1.639059502931956445e+02 7.329801386219073622e-01
1.650032655587480406e+02 7.264164792199898635e-01
1.651534255354629579e+02 7.330038859068153112e-01
1.661107527871848504e+02 7.253260696596938173e-01
1.672281600746724166e+02 7.295189281403913206e-01
1.683552174174734830e+02 7.204609999433608802e-01
1.694916414528683219e+02 7.311113414626998486e-01
1.701046961417678460e+02 7.264255551879180706e-01
1.706371406861618993e+02 7.241475785040406565e-01
1.717914210161140431e+02 7.230133298375313045e-01
1.729541913537323694e+02 7.279878658340529496e-01
1.741251691295815931e+02 7.249990241504089550e-01
1.753040854983126735e+02 7.142405830826611401e-01
1.764906900772287770e+02 7.177975635929604303e-01
1.773080566281709025e+02 7.133846030045899456e-01
1.776847550930574471e+02 7.171136392307204677e-01
1.788860788551284315e+02 7.219381416555630260e-01
1.800944885154864039e+02 7.133671819571132389e-01
1.813098421180155242e+02 7.230393061547053524e-01
1.825320299740923815e+02 7.114841838924589323e-01
1.837609754269057305e+02 7.059867328405419196e-01
1.849966350867284177e+02 7.103725571370119729e-01
1.862389986280328458e+02 7.054232256596887352e-01
1.874880882424109245e+02 7.157137418471335444e-01
1.887439578399290667e+02 7.055049651880498374e-01
1.900066920814585956e+02 7.080297125956664939e-01
1.912764053192834126e+02 6.880372514321123623e-01
1.925532405096332411e+02 6.904630143238039697e-01
1.938373681517417708e+02 6.909148847678737715e-01
1.951289852968890841e+02 7.132849021985352422e-01
1.964283146628237944e+02 7.034876838628381091e-01
1.977356038793774360e+02 6.970682186456454987e-01
1.990511248864363836e+02 6.904815191235125216e-01
2.003751734988368014e+02 6.911627674708854530e-01
2.017080691491166533e+02 6.922013330245294638e-01
2.030501548165970291e+02 6.867302287808442207e-01
2.044017971484280736e+02 7.026886205125142393e-01
2.057633867796271545e+02 6.860274236276087123e-01
2.071353388551800379e+02 6.915255153302850566e-01
2.085180937605195197e+02 6.850308250506724761e-01
2.099121180668104500e+02 6.865890722012025771e-01
2.113179056970697616e+02 6.939687677951504874e-01
2.127359793229515219e+02 6.826808537294993817e-01
2.131326567198173052e+02 6.853127343933140825e-01
2.141668920010957606e+02 6.733047228395531159e-01
2.156112290610202820e+02 6.757587755904197468e-01
2.170696102581514708e+02 6.690878318242361456e-01
2.185426922064588950e+02 6.726695568905666223e-01
2.200311711064411782e+02 6.653031643066072975e-01
2.215357857836692119e+02 6.550765073890195689e-01
2.230573210544982601e+02 6.641333180477515530e-01
2.245966114314914250e+02 6.585991674921780614e-01
2.261545451764820314e+02 6.655455983892770710e-01
2.277320687026209498e+02 6.579817619720301769e-01
2.293301913112922819e+02 6.581517876073127438e-01
2.309499902312066126e+02 6.404882093060155768e-01
2.325926158914654138e+02 6.493118635752880285e-01
2.342592973190976409e+02 6.560124890909947437e-01
2.346904207986265476e+02 6.492532183558402670e-01
2.359513474761145631e+02 6.486192789572881034e-01
2.376701682535679652e+02 6.471523464928129465e-01
2.394172546932235832e+02 6.441636618268735681e-01
2.411941978040262313e+02 6.411204200928548591e-01
2.430026850453579925e+02 6.352502475930749126e-01
2.448444971494584763e+02 6.343272114841633780e-01
2.467214994089783318e+02 6.322576841224750721e-01
2.486356248334887198e+02 6.304069935760746590e-01
2.505888456778940565e+02 6.293892200410657889e-01
2.525831287854951768e+02 6.306426577834310931e-01
2.546203691383992123e+02 6.131243003807721470e-01
2.567022952994169600e+02 6.047717920589193996e-01
2.588303407861053529e+02 6.108319726925539594e-01
2.610054780268736181e+02 6.139923094564087025e-01
2.632280180804036718e+02 6.044957080649434600e-01
2.654973914060503830e+02 6.222276921566078922e-01
2.678119427680884996e+02 6.106904741851139073e-01
2.701687929393589229e+02 5.994498603629138112e-01
2.725638309269480146e+02 5.987376243568758305e-01
2.749918881490423814e+02 6.001286806537663443e-01
2.774471007005988668e+02 5.992059349020095738e-01
2.794169391494382353e+02 5.970735379374443319e-01
2.799233973938227109e+02 5.938837815198653169e-01
2.824149924422847562e+02 5.872847138442235382e-01
2.838458592453101801e+02 5.933138321477580135e-01
2.849167482322494038e+02 5.900379410605687269e-01
2.858157782870226242e+02 5.839547345003394119e-01
2.874243144564638897e+02 5.703905793579124861e-01
2.897436890444112692e+02 5.875047494308156537e-01
2.897436890446069242e+02 6.370928839267683275e-01
2.899340195091076566e+02 5.809882931696660480e-01
2.924425527085874137e+02 5.832776560723509363e-01
2.949465138857096349e+02 5.842311881832786824e-01
2.974419262272021456e+02 5.727753950262116645e-01
2.995402021771061527e+02 5.782972550880040030e-01
2.999238236258360644e+02 5.842893311022827607e-01
3.023860381080452271e+02 5.765666425367789172e-01
3.048213057864207940e+02 5.660043110081776074e-01
3.072217468166630283e+02 5.705453831238107565e-01
3.095796457416772114e+02 5.599440120008613020e-01
3.118883179213145809e+02 5.672778672526954669e-01
3.141427946225625192e+02 5.498341943868669812e-01
3.163401441957690281e+02 5.597900633985446461e-01
3.184794103497688411e+02 5.512389111012542253e-01
3.205612809342597416e+02 5.478969424834051472e-01
3.225876428533715057e+02 5.557645011049662243e-01
3.245611478176138576e+02 5.422096019717114190e-01
3.264848567586608965e+02 5.478526109327225280e-01
3.283619821730227386e+02 5.543601149381018889e-01
3.301957190886257081e+02 5.504564628570275397e-01
3.319891442537884245e+02 5.404509055922280814e-01
3.337451626173305499e+02 5.532928316349419173e-01
3.354664841659479180e+02 5.511588428040661292e-01
3.371556190583943931e+02 5.426946832847956426e-01
3.388148831406698491e+02 5.402247897727079362e-01
3.404464089130244702e+02 5.503311572935913887e-01
3.420521589953083321e+02 5.427777146844022793e-01
3.436339403712008789e+02 5.444881763164417521e-01
3.451934184394639828e+02 5.425509146532839777e-01
3.467321303500766589e+02 5.395188780449762245e-01
3.478423668365389290e+02 5.489621782184812560e-01
3.482514973709441506e+02 5.461044826469966251e-01
3.497528361882779109e+02 5.383573256088544090e-01
3.512373691357585699e+02 5.449311200437578773e-01
3.527062334015965348e+02 5.470608967430289349e-01
3.541604892837031571e+02 5.569863194427676634e-01
3.556011275832823912e+02 5.440452958090601365e-01
3.556467627847112567e+02 5.485147816323593384e-01
3.570290762193807836e+02 5.392392135034865808e-01
3.584452061544351977e+02 5.391965830005966964e-01
3.598503367073161030e+02 5.410944235308720041e-01
3.612452403282620708e+02 5.482463306529586911e-01
3.626306469030304243e+02 5.424194706314918735e-01
3.640072476435565250e+02 5.484256316247901886e-01
3.653756986209561433e+02 5.381392474611934595e-01
3.667366239852627814e+02 5.517731109983218252e-01
3.680906189159815654e+02 5.537756204245322111e-01
3.694382523390919459e+02 5.441794704253590798e-01
3.707800694438868163e+02 5.495375785765277410e-01
3.721165940293178664e+02 5.577718862189824378e-01
3.734483307042006004e+02 5.570063828951387075e-01
3.747757669642156202e+02 5.542721952604636737e-01
3.760993751668857499e+02 5.547878854249060909e-01
3.774196144209740851e+02 5.568694443299748720e-01
3.787369324057190738e+02 5.488008565985739162e-01
3.800517671339047183e+02 5.585824588940245805e-01
3.813645486705837016e+02 5.600766007137626401e-01
3.826757008167737695e+02 5.659517493791242915e-01
3.839856427675755981e+02 5.602117799669777964e-01
3.852947907519134105e+02 5.561172755788603705e-01
3.866035596591500507e+02 5.631713640546788247e-01
3.879123646580013087e+02 5.559664895056172229e-01
3.892216228111151963e+02 5.529251459548636394e-01
3.905317546864746987e+02 5.727373637052023403e-01
3.918431859666227410e+02 5.583747069707918342e-01
3.931563490546730009e+02 5.594269411437593487e-01
3.944716846724390962e+02 5.633808261424231301e-01
3.957896434454592622e+02 5.763310189481317680e-01
3.971106874638766726e+02 5.761507598079302905e-01
3.984352918036983056e+02 5.798932820038465996e-01
3.997639459879324590e+02 5.830221540913077538e-01
4.002111760099954836e+02 5.805099727225768724e-01
4.010971553563277894e+02 5.711231442157668203e-01
4.024354423022887204e+02 5.814440967309804087e-01
4.037793473195123966e+02 5.683293018859093548e-01
4.051294297802816686e+02 5.846211979052765573e-01
4.064862683401615300e+02 5.781234646713516723e-01
4.078504608292020066e+02 5.816203506177894944e-01
4.092226234416799002e+02 5.826906048415514405e-01
4.106033889769200869e+02 5.724472726343098339e-01
4.119934038084656436e+02 5.843576447506432237e-01
4.133933231594806443e+02 5.982006184144254002e-01
4.148038041488827048e+02 5.922688582379529443e-01
4.162254959309015021e+02 5.927806596450516663e-01
4.176590261011748453e+02 5.970788926269610108e-01
4.191049823902419007e+02 6.022761631511807101e-01
4.203474927402300523e+02 5.899940383141392131e-01
4.205638885486696381e+02 5.884426677150348395e-01
4.211176318134842518e+02 6.015486230999570472e-01
4.220361733047888038e+02 5.974994417844339267e-01
4.235221314496535570e+02 5.894080659462572758e-01
4.250218766140641833e+02 5.960344479346670887e-01
4.265352863437723840e+02 6.007090405231191310e-01
4.280619418514136783e+02 6.041683569090763317e-01
4.296010674327939682e+02 6.061000457504661654e-01
4.311514778134605308e+02 6.024690222561187580e-01
4.327115449642487874e+02 6.106316562356761679e-01
4.342791978335411045e+02 6.047683247478053969e-01
4.358519671393500516e+02 5.928479251124071370e-01
4.374270813146254113e+02 6.101028116309886729e-01
4.375771444055243364e+02 6.013405890374660112e-01
4.390016090291276782e+02 6.226436579193065368e-01
4.405726312240645939e+02 6.101960992872090817e-01
4.421374162105277037e+02 6.106457759500805160e-01
4.436935696024369804e+02 6.189346149187414658e-01
4.452391378021595756e+02 6.176012110561237556e-01
4.467726562987842271e+02 6.135818630831796350e-01
4.482931468235016723e+02 6.214412832053745062e-01
4.498000760690788411e+02 6.146908126466281708e-01
4.512932917206579759e+02 6.095863140728229324e-01
4.527729500307346484e+02 6.201668562218380920e-01
4.542394452930644775e+02 6.150982840617464920e-01
4.556933472929444520e+02 6.254021560354741105e-01
4.571353493129417984e+02 6.178260953359044905e-01
4.585662269261268875e+02 6.206248134609178013e-01
4.599868065225479086e+02 6.127807082100066305e-01
4.613979419930622612e+02 6.165411647646500404e-01
4.626595401280875421e+02 6.197233703992273135e-01
4.628004979246422295e+02 6.259965480636280333e-01
4.641953378303907698e+02 6.188385312468953625e-01
4.655833161810775209e+02 6.236399397530475452e-01
4.669652732631109870e+02 6.215225196607980784e-01
4.683420321067949317e+02 6.266063476389768239e-01
4.697143969148229417e+02 6.285531583806758249e-01
4.710831525664759170e+02 6.226607009589540942e-01
4.724490648823261836e+02 6.360663521853343605e-01
4.738128814177495656e+02 6.216900440366988079e-01
4.751753326200689571e+02 6.410586306775115650e-01
4.765371332271898837e+02 6.284093394800845944e-01
4.778989838214615702e+02 6.255867728509039161e-01
4.792615724802759019e+02 6.238884715662915692e-01
4.806255764795978394e+02 6.272690715137053674e-01
4.819916640237726142e+02 6.234697078531540315e-01
4.833604959838925765e+02 6.183776120632291651e-01
4.847327276336343971e+02 6.337233836352306193e-01
4.861090103782222513e+02 6.258140504170990326e-01
4.874899934738930369e+02 6.212692020300486506e-01
4.888763257411589507e+02 6.145311906471179197e-01
4.902686572732621357e+02 6.193599068177262357e-01
4.916676411464945886e+02 6.181947081936878252e-01
4.930739351367840300e+02 6.215668248008505703e-01
4.944882034507138542e+02 6.239462741418874137e-01
4.959111184767872942e+02 6.220748654496465191e-01
4.973433625632955568e+02 6.165121728117598510e-01
4.987856298332700931e+02 6.227334336096678191e-01
5.002386280399582574e+02 6.215194584612142581e-01
5.017030804722488710e+02 6.239096429302016800e-01
5.031797279159552545e+02 6.077730381378001479e-01
5.046693306753399497e+02 6.214442344148882746e-01
5.061726706603978414e+02 6.200129805845530084e-01
5.076905535434540866e+02 6.215378604762298309e-01
5.092238109819670626e+02 6.226239089894813894e-01
5.107733029082158964e+02 6.136265672507141833e-01
5.123399198759692581e+02 6.211957487625173746e-01
5.139245854497610253e+02 6.202255452009237668e-01
5.155282586148980499e+02 6.188282921883795362e-01
5.171519361733834330e+02 6.161990233811723838e-01
5.187966550728966695e+02 6.275005007888884156e-01
5.204634945987678520e+02 6.202542379723715582e-01
5.221535783242184152e+02 6.180023887529423332e-01
5.238680756774073188e+02 6.234981256253305792e-01
5.256082029296127303e+02 6.177128856746590957e-01
5.273752233349116523e+02 6.238757667408849628e-01
5.291704460577666396e+02 6.192904148683289201e-01
5.309952233989281467e+02 6.096158991120852466e-01
5.328509456558049351e+02 6.155257312382023116e-01
5.347390327440475630e+02 6.114208036834941629e-01
5.366609214275316617e+02 6.170136545985337451e-01
5.386180466596259748e+02 6.273727672075454231e-01
5.406118151386939417e+02 6.040640401536595538e-01
5.426435687313037306e+02 6.213967998849289076e-01
5.447145349988217049e+02 6.289953866552649986e-01
5.468257617832377946e+02 6.077426899376451308e-01
5.489780329167809896e+02 6.185024026877924408e-01
5.511717629846466480e+02 6.006539948810332152e-01
5.534068712383491402e+02 6.177338575994281156e-01
5.556826388538671608e+02 6.061802797479811655e-01
5.579975602309516489e+02 6.115356075433796557e-01
5.603492077024141054e+02 6.058206123171058222e-01
5.608184245477159493e+02 6.163662886930818541e-01
5.627341381321950848e+02 6.217334552678206450e-01
5.651478755826401539e+02 6.093876333294282466e-01
5.675850010839893685e+02 6.195360791613476747e-01
5.700393641641567228e+02 6.046158510036298006e-01
5.725044022192037119e+02 6.073604549571584021e-01
5.749735222213680572e+02 6.126918543636600267e-01
5.768623127824778294e+02 5.953035296103019736e-01
5.774404789784690593e+02 6.036663047177945884e-01
5.798996857678845345e+02 6.153366798408723692e-01
5.823464157693895231e+02 6.089368363779740223e-01
5.847768846415327744e+02 6.015054526034323557e-01
5.871882317963052174e+02 6.059350693502660867e-01
5.895784323384788195e+02 6.194691947488585315e-01
5.919461731318485818e+02 5.954320852715490053e-01
5.942907197861724171e+02 6.089194239746100745e-01
5.966117919102238147e+02 6.082289085234640069e-01
5.989094554219328757e+02 6.101562876664831103e-01
6.011840345948379536e+02 6.008092018572238624e-01
6.034360429196417499e+02 5.940396384339787783e-01
6.056661301984140664e+02 6.006261746719081529e-01
6.078750428241024792e+02 6.061039000530482612e-01
6.100635943772332439e+02 5.977115005022501926e-01
6.122326441075363164e+02 5.997547933735295489e-01
6.143830813544368539e+02 6.004334032872146176e-01
6.165158144029936693e+02 6.025335850803185123e-01
6.186317626431366534e+02 5.816144092852431058e-01
6.207318511797740257e+02 6.106926932768209637e-01
6.228170072742088905e+02 6.056538714598608264e-01
6.248881581527856497e+02 6.072596849077686043e-01
6.269462298472020620e+02 5.980797800054878932e-01
6.289921468240964941e+02 5.928511188988653258e-01
6.310268322257710452e+02 5.901632708876579647e-01
6.330512085966787481e+02 6.036649808523016913e-01
6.350661990079380530e+02 5.896817916646133195e-01
6.370727285191071587e+02 6.005919347618069448e-01
6.390717259398579699e+02 6.073922397036999321e-01
6.410641258671652167e+02 6.022522027173637937e-01
6.430508709927551081e+02 5.995110924205486747e-01
6.450329146807380312e+02 6.193311658036280143e-01
6.470112238282235921e+02 6.014633886118557760e-01
6.489867820318041822e+02 6.021922674941232456e-01
6.509605930869552139e+02 6.120072660631366013e-01
6.529336848590326099e+02 6.073096676164662089e-01
6.549071135785073920e+02 6.039201018292812417e-01
6.568819686118920345e+02 5.990942403853272147e-01
6.588593777831051739e+02 6.127009722539035197e-01
6.608405133283816895e+02 6.092337490054514637e-01
6.628265985814992973e+02 5.957894504861879215e-01
6.648189155086803339e+02 6.067256011365605994e-01
6.668188132271066024e+02 6.080309080773478314e-01
6.688277176715582755e+02 5.965053131085948923e-01
6.708471425911445749e+02 6.075700439857104618e-01
6.728787020934501015e+02 6.168667950118337240e-01
6.749241249772263700e+02 6.046922466230342241e-01
6.769852711171109831e+02 6.210407179527852595e-01
6.790641501812662000e+02 6.058697860887316544e-01
6.811629429461256677e+02 6.095266718743591605e-01
6.832840254067659771e+02 6.095118527531383501e-01
6.854299957244154484e+02 6.128423343057873840e-01
6.874517373381873995e+02 6.169194466061198590e-01
6.876037037046509113e+02 6.095031258473417868e-01
6.898082818271383303e+02 6.110379748518667276e-01
6.920471755826505387e+02 6.088369816325027717e-01
6.935528602038139070e+02 6.148419866703541681e-01
6.943241685298610264e+02 6.065266363563541763e-01
6.966433932647278198e+02 6.023277186575400899e-01
6.990093119624114024e+02 6.126637707303820291e-01
7.014266370820259908e+02 6.215758157292162744e-01
7.039001409928919202e+02 6.287032126258850218e-01
7.064342696849254253e+02 6.282786204502995853e-01
7.090324327024254671e+02 6.152897533510566230e-01
7.116958127593939025e+02 6.250496391530417917e-01
7.144216038060162646e+02 6.203165265529031469e-01
7.172009110633969158e+02 6.218169063643097516e-01
7.200172625543887079e+02 6.269573750869222861e-01
7.228473844422536558e+02 6.290614938826835090e-01
7.233297282533188763e+02 6.207742933754362147e-01
7.256652675638449637e+02 6.161415555667127952e-01
7.284480209597854810e+02 6.183096435255944767e-01
7.311801540075468893e+02 6.315541529265692455e-01
7.338544057076602485e+02 6.327957958246441805e-01
7.364700096376091096e+02 6.210688600765625900e-01
7.390302198607356559e+02 6.314280046327036544e-01
7.415402376839699627e+02 6.285198399556749527e-01
7.440058626448078485e+02 6.288006698888785051e-01
7.443541492021039403e+02 6.437905803144218231e-01
7.464327726661625775e+02 6.347228487807703434e-01
7.488262190122675293e+02 6.265010831799247004e-01
7.511909464857321836e+02 6.325971000839504255e-01
7.535312153528157069e+02 6.174559916145526683e-01
7.558508587335710445e+02 6.127896317171512841e-01
7.581533456345208606e+02 6.284679392888828930e-01
7.604418389091957806e+02 6.238306534170973139e-01
7.627192457409513509e+02 6.341614608501988659e-01
7.649882611197270990e+02 6.270102760893379035e-01
7.672514054408578659e+02 6.392379574640679740e-01
7.695110573075442062e+02 6.316907797446118522e-01
7.717694824473946937e+02 6.303665064131810380e-01
7.740288595206380933e+02 6.213672628517390439e-01
7.762913034967042449e+02 6.334827553168430603e-01
7.785588872139289833e+02 6.417366217198501310e-01
7.808336616828537444e+02 6.333692031346374041e-01
7.831176756598662223e+02 6.312000432423040541e-01
7.854129949893862204e+02 6.309939097379703155e-01
7.877217222073934408e+02 6.281223348054230105e-01
7.900460169094272942e+02 6.209405035381986293e-01
7.923881174143095905e+02 6.338780175753524482e-01
7.947503643092459242e+02 6.300038171962778488e-01
7.971352265346920376e+02 6.424896800478920866e-01
7.995453307746793143e+02 6.309575541403604770e-01
8.019834950429088849e+02 6.315362077802577634e-01
8.044527675161930347e+02 6.305059165395184850e-01
8.069564718469654281e+02 6.375209299130764062e-01
8.094982603641500418e+02 6.324839335686082142e-01
8.120821767021343476e+02 6.409389531302193133e-01
8.147127293644903148e+02 6.307533528693426428e-01
8.173949772784108063e+02 6.336168796882396537e-01
8.201346270071973095e+02 6.411426754949886009e-01
8.229381378474415669e+02 6.353017777537812716e-01
8.258128232197470879e+02 6.288267730202826700e-01
8.287669197797383731e+02 6.357991852752000739e-01
8.318095597265029255e+02 6.360971301515737641e-01
8.349505082201936830e+02 6.388143895090258040e-01
8.381993856123683599e+02 6.352637495414350521e-01
8.401242925481158181e+02 6.462541421049214918e-01
8.415638542070546464e+02 6.416099737207371367e-01
8.450459816263825132e+02 6.273053637450763942e-01
8.486362042155359404e+02 6.405985398451022883e-01
8.523064121764991796e+02 6.395556506863014912e-01
8.560084159848011041e+02 6.311386226214951156e-01
8.596851445040563249e+02 6.436210570711793366e-01
8.632898268570019127e+02 6.452613136478040357e-01
8.667973194516388276e+02 6.395625538127513998e-01
8.702020509384976776e+02 6.442235723889060406e-01
8.735102686187971130e+02 6.364678006175354952e-01
8.767333222921364495e+02 6.423609431967638450e-01
8.798835908644574602e+02 6.328266363992262056e-01
8.829725689864314973e+02 6.328534720009982850e-01
8.860102815895497770e+02 6.449132406176458776e-01
8.890053230615750408e+02 6.489316908434732412e-01
8.919651035876512424e+02 6.296725822268932626e-01
8.948961151655620370e+02 6.443870047289271819e-01
8.951316834107578870e+02 6.373166409140174071e-01
8.978041543855179043e+02 6.389156747991309171e-01
9.006944949586486473e+02 6.451345296048205391e-01
9.035720212306522399e+02 6.491540783252202074e-01
9.064413353156411404e+02 6.451942408410763496e-01
9.093068473495388844e+02 6.555218135182864225e-01
9.121728552776602328e+02 6.487239644668334471e-01
9.150436186291901777e+02 6.397435005999254631e-01
9.179234297505428231e+02 6.352489544080814898e-01
9.208166856577097406e+02 6.495199839689990151e-01
9.213270611029571455e+02 6.439609646135214804e-01
9.237279637326093962e+02 6.506527363742702352e-01
9.266621048419002591e+02 6.346300236843819276e-01
9.296243081047266514e+02 6.466742936781698647e-01
9.326202425511713727e+02 6.549414348405793174e-01
9.356561824028776755e+02 6.601011623906916093e-01
9.387391748563927649e+02 6.431493731946279491e-01
9.395536638510278635e+02 6.488615067960288307e-01
9.418772522215856497e+02 6.519376735086607200e-01
9.450797041771144222e+02 6.507125526280802541e-01
9.483574305232606321e+02 6.426328164156354106e-01
9.517233984791123476e+02 6.422853888039904424e-01
9.551932253792828078e+02 6.677767300499257708e-01
9.587858780514295631e+02 6.493837843622904948e-01
9.625243629882796768e+02 6.327610487831539787e-01
9.664358887648143082e+02 6.414295014466798728e-01
9.705497723660147358e+02 6.566708002712606795e-01
9.748881249393830331e+02 6.434954537307779887e-01
9.794392100697180013e+02 6.561300990880525319e-01
9.841137199856816551e+02 6.569241372248709743e-01
9.887478701377904144e+02 6.539734927427319766e-01
9.932069597026992369e+02 6.521974808434829463e-01
9.974512015245135217e+02 6.620406233997179202e-01
1.001500380918988753e+03 6.683162859492297603e-01
1.005391594576297734e+03 6.742767676825964784e-01
1.009161956155551024e+03 6.607580083115274228e-01
1.012842335510334919e+03 6.522974232066962585e-01
1.016456364579590513e+03 6.638461009191907181e-01
1.020022039241117341e+03 6.515067275965574778e-01
1.023553549016516854e+03 6.560020180502418308e-01
1.027062652990882043e+03 6.608546473494122386e-01
1.030559610821546585e+03 6.618562204610206612e-01
1.034053771618516748e+03 6.700235521677635475e-01
1.037553959086522809e+03 6.552135841299845387e-01
1.041068758098022499e+03 6.701388634121764332e-01
1.044606760237030358e+03 6.592698993104151306e-01
1.048176800916405227e+03 6.697443180652481454e-01
1.051788209725915067e+03 6.668121847093293475e-01
1.055451092929739161e+03 6.652145731886422997e-01
1.059176670136883558e+03 6.574830138683920300e-01
1.062977693986385475e+03 6.591449471711663399e-01
1.066868991797157605e+03 6.574791706556613047e-01
1.070868180992783664e+03 6.731170530325050194e-01
1.074996621147106680e+03 6.718090832928080847e-01
1.079280653808911893e+03 6.738198967690279817e-01
1.083753066632509217e+03 6.667610361237150673e-01
1.088454208321157466e+03 6.722129250782404863e-01
1.093430257292604438e+03 6.782044340625186241e-01
1.098719838946340815e+03 6.718549322949151081e-01
1.104307060501775368e+03 6.748835561583458320e-01
1.110038799571224672e+03 6.752958390057574034e-01
1.115654705456744750e+03 6.628893120971202091e-01
1.120992657370747111e+03 6.833940763101937765e-01
1.126043026738715071e+03 6.726434728128481977e-01
1.130856843413861498e+03 6.732881391441576380e-01
1.135492918567221977e+03 6.815055808985011065e-01
1.136488618542387485e+03 6.751209260410412361e-01
1.140003550992406645e+03 6.805244601013150652e-01
1.144429676130151392e+03 6.709307224506159129e-01
1.148802146230283597e+03 6.689994515798662889e-01
1.153145207470381592e+03 6.812728218480812448e-01
1.157479303283602803e+03 6.770536841512329040e-01
1.161823058974727928e+03 6.728947519475756422e-01
1.166194679032458453e+03 6.859037668186391823e-01
1.170612993118189479e+03 6.831933788859828605e-01
1.175098428856577584e+03 6.959707224718478802e-01
1.179674133744867049e+03 6.876166896227524639e-01
1.184367458702835393e+03 6.799018906544562757e-01
1.189212094559921752e+03 6.839605165689263133e-01
1.194251332392856057e+03 6.810557996645694168e-01
1.199543244003121799e+03 6.815300342536519951e-01
1.205168969746846187e+03 6.658856980894336530e-01
1.211244372226161659e+03 6.864024586721643173e-01
1.217921345621260571e+03 6.899841839745682881e-01
1.225266085574683302e+03 6.875236880591710786e-01
1.232779615362584536e+03 6.872039255463723295e-01
1.239731779634997793e+03 6.958872634701931403e-01
1.246073254351852711e+03 6.973195982457648379e-01
1.250778436690765375e+03 6.872254646163524772e-01
1.251996214937389141e+03 6.952962501651838156e-01
1.257641900315048360e+03 6.970124016844874149e-01
1.263124093624460102e+03 6.920226619813814040e-01
1.267712699156438021e+03 6.860914399846053113e-01
1.268527979031288623e+03 6.951906626098259823e-01
1.273910523606164361e+03 6.886402775166630130e-01
1.279314670398835005e+03 6.830752678524539823e-01
1.284778041800770779e+03 7.023929373352401084e-01
1.290338065002411895e+03 6.950242482981152659e-01
1.296036374465548079e+03 7.039560266333442229e-01
1.301922999355243064e+03 6.882873353970251351e-01
1.308061852654455379e+03 6.804629563885759014e-01
1.314539369424629285e+03 6.933608216776794286e-01
1.321478276740934916e+03 6.948395133348018726e-01
1.329054200281997510e+03 7.031694868066168391e-01
1.337463952561550059e+03 6.935162620780989107e-01
1.346537791880126861e+03 7.026813202103611156e-01
1.355273659188097326e+03 7.057185062482416171e-01
1.363207742719468115e+03 7.102911081803993110e-01
1.370551159516152893e+03 7.219181927224144202e-01
1.377523961001933458e+03 6.983548609056856593e-01
1.384288704118603391e+03 7.064715124365833487e-01
1.390983137874953400e+03 7.177518273834659901e-01
1.397710679545129778e+03 6.909949568133273434e-01
1.404557048635561614e+03 7.209017463380088531e-01
1.411610273825054492e+03 7.194208707806639680e-01
1.418977047805964503e+03 6.988932520572102014e-01
1.426806084777814249e+03 6.992415367102992052e-01
1.435330294606917960e+03 7.054542939978638572e-01
1.444947971901767687e+03 7.162558987320167825e-01
1.456199518523578945e+03 7.146268343845381121e-01
1.466369135575723931e+03 7.096708113245918659e-01
1.476469082363965526e+03 7.075522659411687121e-01
1.485749416820603756e+03 7.118078939317513676e-01
1.494391619196284864e+03 7.180843111949035684e-01
1.502826078498438392e+03 7.115155842191321911e-01
1.511272545545285084e+03 7.055310651651898191e-01
1.519938798322777302e+03 7.324630653515303846e-01
1.529050201948821496e+03 7.214976044201684147e-01
1.538885947119172670e+03 7.224831094128770781e-01
1.549903704390844723e+03 7.279687448158699281e-01
1.562939941141063173e+03 7.349916881574181104e-01
1.576060016408444199e+03 7.294958991650892788e-01
1.587746258941778933e+03 7.302214969124354305e-01
1.599332273600019334e+03 7.328548456552206325e-01
1.610311846806933545e+03 7.280037996757765528e-01
1.620992606601670559e+03 7.343129299737425342e-01
1.631884473075217784e+03 7.506900042929228745e-01
1.643391360095057962e+03 7.341489749035029488e-01
1.656117695282379373e+03 7.408716709715742477e-01
1.671197236113816871e+03 7.414414112518744604e-01
1.687591514060664849e+03 7.383136958973579578e-01
1.702014991586889892e+03 7.386067339250778074e-01
1.716279359925036033e+03 7.252104556799040536e-01
1.730037733943761623e+03 7.405670404180864086e-01
1.743830430146589833e+03 7.480755504104416032e-01
1.747340884722699229e+03 7.350251845160635789e-01
1.758674121989851756e+03 7.533404086778227038e-01
1.776038934551098237e+03 7.415207137177295404e-01
1.799603623932059918e+03 7.520664186017939068e-01
1.817994888496853036e+03 7.592596760787615473e-01
1.836040373009895575e+03 7.666802691456282570e-01
1.854150559000716839e+03 7.631947581732729802e-01
1.873187852449106003e+03 7.738860011376142989e-01
1.879844481732909344e+03 7.714917231572513412e-01
1.896079343145785970e+03 7.559293416134672539e-01
1.921629084755741587e+03 7.745004113945219704e-01
1.937258170740404921e+03 7.670091285729411235e-01
1.946781063024862306e+03 7.695740756873201693e-01
1.970281846521044145e+03 7.763098290756506037e-01
1.995297379293354652e+03 7.600889743337960747e-01
2.026904206596470203e+03 7.836384516836900627e-01
2.060181845537180834e+03 7.670552579602505361e-01
2.092625205972258300e+03 7.935626554104401320e-01
2.127394632264953543e+03 7.812679381322796823e-01
2.172008171496393516e+03 7.819536228578901627e-01
2.209056229958454423e+03 7.936632376581616022e-01
2.215906759624682309e+03 7.973888884981010783e-01
2.258900172386257964e+03 7.895040073324768315e-01
2.308978827890711273e+03 8.092167900580489182e-01
2.358165408727707927e+03 8.135929523185979617e-01
2.364958819967464933e+03 8.074159269479226353e-01
2.422177010088415500e+03 8.114873081569576874e-01
2.480577932055112797e+03 8.196933229600849025e-01
2.539267749899111550e+03 8.156301557365124300e-01
2.600232322089523677e+03 8.281101944250433000e-01
2.664807126080622311e+03 8.164906235739574081e-01
2.732096735953197822e+03 8.192876492726474114e-01
2.801020789755053102e+03 8.299367543391619195e-01
2.871566521994296181e+03 8.388969564560468939e-01
2.944394090779836006e+03 8.448577529529360808e-01
3.019782964751601867e+03 8.338620178261230143e-01
3.097454364997129687e+03 8.315617475223578969e-01
3.177127440387860588e+03 8.501579215675885148e-01
3.205609856874728393e+03 8.502902001728349646e-01
3.258816246814571969e+03 8.499530674614289572e-01
3.342627146459853520e+03 8.613003075001210984e-01
3.393103240725446085e+03 8.620827310161943702e-01
3.428554179105350613e+03 8.651772507925340472e-01
3.516521436535589146e+03 8.649144454882230493e-01
3.606493302458181006e+03 8.780962251318318312e-01
3.698485566343798382e+03 8.662267519583238817e-01
3.792520144772369349e+03 8.839484401316053397e-01
3.888609111738900992e+03 8.805943393128385921e-01
3.986768581625941806e+03 8.726887253545101419e-01
4.087027051976241182e+03 8.897386934106749079e-01
4.189420718254189524e+03 8.743053819432031748e-01
4.293988186728381152e+03 8.946540873983558351e-01
4.400769935396205256e+03 9.003640758408234523e-01
4.509809063916402920e+03 8.979729216605955022e-01
4.621150811770643486e+03 8.834038571127520445e-01
4.734841560348206258e+03 9.043685414219332364e-01
4.850928280019348676e+03 8.985075385918122048e-01
4.969458357273369074e+03 8.969729697135915281e-01
5.090479474020130510e+03 9.323690038036814842e-01
5.214039479356019001e+03 9.074193039962427099e-01
5.340186321576432420e+03 9.060409929854725819e-01
5.468968053344136933e+03 9.303996523670100549e-01
5.600432876915086126e+03 9.021650450719278513e-01
5.734629203855716696e+03 9.203400524083120704e-01
5.871605719138561653e+03 9.331562333495072581e-01
5.888373088589813051e+03 9.313942214319541613e-01
6.011411441873927288e+03 9.202474588680158440e-01
6.154095772662089075e+03 9.080758678785937343e-01
6.299708517323149863e+03 9.193708541785141630e-01
6.448299878140166584e+03 9.397836089403139859e-01
6.599920404411567688e+03 9.280541761581974081e-01
6.754620893842969053e+03 9.236147116315633898e-01
6.912452235067608854e+03 9.360971484449384095e-01
7.073465179970096870e+03 9.436823845261722576e-01
7.237710031560251991e+03 9.363987435078291455e-01
7.405236229378968346e+03 9.596597665469747129e-01
7.576091808238691556e+03 9.328047124246569011e-01
7.750322698086473793e+03 9.511917153258194757e-01
7.927971820978394135e+03 9.367597021172724414e-01
8.109077924987550432e+03 9.534811109914530514e-01
8.293674071118737629e+03 9.517162783618184907e-01
8.481785655380655953e+03 9.523166153383737509e-01
8.673427797521146204e+03 9.396578873172709567e-01
8.868601852909223453e+03 9.550280180198900126e-01
9.067290688304976356e+03 9.300661568910981725e-01
9.269452182811468447e+03 9.493919550883574976e-01
9.474606482038010654e+03 9.722810971623874199e-01
9.475010128404415809e+03 9.523334106605422233e-01
9.683841237725146129e+03 9.643842808701947877e-01
9.895756186882455950e+03 9.644549296995262866e-01
1.011047128544466432e+04 9.606301896509543692e-01
1.032756502017812090e+04 9.532397638157054098e-01
1.054640949493997869e+04 9.682282283231320452e-01
1.076605901539456318e+04 9.674271137745439342e-01
1.098506353012828185e+04 9.523597387184122853e-01
1.120114728969802491e+04 9.742942871672575222e-01
1.141064155104663405e+04 9.541757475893708484e-01
1.158425350135699591e+04 9.695773106451462953e-01
1.172649395819112033e+04 9.607164811027100182e-01
1.179166861132525628e+04 9.760734058724810369e-01
1.181401484035201247e+04 9.656418396987916930e-01
1.185870729840552485e+04 9.659433109083538360e-01
1.194809221451255144e+04 9.666217382673099046e-01
1.210461011190796853e+04 9.641335543703207778e-01
1.231582640373490540e+04 9.885790793751956240e-01
1.256728637284454089e+04 9.687884248245232088e-01
1.284682128076019035e+04 9.710098329163731057e-01
1.314418073328262653e+04 9.425711315321022576e-01
1.335457712425220234e+04 9.578936121707121165e-01
1.345311184019202847e+04 9.871756695786276792e-01
1.377102927862205433e+04 9.719091594367735842e-01
1.409714518862133991e+04 9.450720100642870936e-01
1.443116913850889796e+04 9.748014556754944770e-01
1.477296386617960525e+04 9.962445219568686339e-01
1.512253994519088701e+04 9.693422980373346265e-01
1.545546315139504986e+04 9.846883157341440596e-01
1.548002317749866961e+04 9.828067709310982503e-01
1.584559311853426880e+04 9.816085846278269633e-01
1.591628520966870019e+04 9.533455282103640016e-01
1.603328911984307706e+04 9.760653946251593993e-01
1.621944911363565188e+04 9.831275745440515301e-01
1.639982823040396397e+04 9.744149484591855259e-01
1.660180285287884180e+04 9.616703494309332134e-01
1.699287705170723348e+04 9.933247868988942519e-01
1.739290263250438875e+04 9.942658613569983483e-01
1.780211597000918846e+04 9.909479955299010934e-01
1.822075755832993673e+04 9.865817024455828532e-01
1.864907156626158394e+04 9.787635658298073915e-01
1.908730555722166173e+04 9.804138132334271338e-01
1.953571016832747773e+04 9.821804323872286302e-01
1.999453876828591092e+04 9.697014616112140661e-01
2.046404706693652042e+04 9.659977758235852585e-01
2.094449258762815225e+04 9.781529958654040513e-01
2.143613389825354170e+04 9.911517008780758031e-01
2.193922947406850290e+04 9.929196204208897703e-01
2.245403600418438873e+04 9.812531168485015831e-01
2.298080584105961316e+04 9.732837196627160958e-01
2.351978310000147758e+04 9.998408233418097923e-01
2.407119757882161866e+04 9.864323099390153171e-01
2.463525504990420450e+04 9.920010907796965594e-01
2.521212129461844233e+04 9.985855238749949958e-01
2.521491367241974876e+04 9.887235868000826544e-01
2.580189488568281377e+04 1.001836878482730731e+00
2.640455873881383013e+04 9.918152656028758063e-01
2.701988929303464829e+04 1.001481593511633905e+00
2.764727547243064691e+04 9.921242414415442079e-01
2.828533082512082910e+04 9.833734819415439476e-01
2.893099184727214742e+04 1.005231927480871423e+00
2.957724074363950058e+04 9.837643590686580009e-01
3.020705485266328105e+04 9.818050885733361488e-01
3.062881569497448072e+04 9.963467345908108008e-01
3.084018332260924944e+04 9.948579914693008730e-01
3.093540889213396076e+04 9.930590929518228194e-01
3.112586003118337976e+04 9.994344222971407454e-01
3.132331738805458008e+04 9.693150822061918914e-01
3.170274829142149247e+04 9.902876426460537340e-01
3.228842970592382335e+04 9.935321851962646278e-01
3.296587430707907333e+04 9.898338993482650450e-01
3.366840248810050980e+04 9.928929516244446862e-01
3.439027731524645787e+04 9.937610595943751068e-01
3.513425939518662926e+04 1.003709626931659216e+00
3.589506982474962570e+04 9.943652921764807306e-01
3.666476979449186911e+04 1.003215775288515133e+00
3.743647254338209314e+04 9.573204575441313091e-01
3.820315078043786343e+04 9.871982941134069822e-01
3.895615078560649272e+04 9.763889557438414357e-01
3.968517600474377832e+04 9.992320013475499696e-01
4.037900773861937341e+04 9.996945108434117655e-01
4.102615945001824002e+04 1.005131075248293371e+00
4.154434444948888267e+04 9.899159119132105999e-01
4.200214807833827217e+04 9.923901799281118485e-01
4.236814661938916106e+04 1.004319505028069992e+00
4.261879677723287023e+04 1.000811137795603045e+00
4.277989830087804148e+04 1.006855340526541021e+00
4.297811880588006898e+04 1.000663631128747122e+00
4.322215302990860800e+04 9.795805828345907074e-01
4.358542752824643685e+04 9.877180913730264633e-01
4.406154314013531257e+04 1.010453766542639853e+00
4.461143051042218576e+04 9.762512838286768746e-01
4.521759208867492998e+04 1.003032127874170509e+00
4.526678021891033131e+04 9.936038481081365115e-01
4.562636820103233913e+04 1.010576756054688996e+00
4.587703438283904688e+04 9.959726277876104206e-01
4.658579053421497520e+04 1.002411126072061842e+00
4.733681212590123323e+04 9.950025570606190195e-01
4.812273891469098453e+04 9.899075940163467591e-01
4.893672122523910366e+04 1.005076836203760537e+00
4.977164252285850671e+04 1.012243911433400756e+00
5.061947123644071689e+04 9.935103817694327377e-01
5.147110715990676545e+04 9.858600333907883151e-01
5.231646028583621228e+04 9.993039913367930405e-01
5.314463916627640720e+04 9.956680440395495602e-01
5.394422411239438225e+04 1.022410325602250092e+00
5.470350430257722473e+04 9.868028693019713637e-01
5.541046999800982303e+04 1.009525962430298573e+00
5.597244835577678896e+04 9.907646873144894117e-01
5.646504140363546321e+04 9.877817887359787719e-01
5.685003791272296803e+04 9.972622428291634256e-01
5.709311429823107756e+04 9.993094170615259841e-01
5.718091767506062752e+04 1.003199688748831253e+00
5.722782104076962423e+04 1.001723276557346498e+00
5.732162777218762494e+04 1.000352323860214332e+00
5.747990978230584733e+04 9.937725754500851272e-01
5.779099069588026032e+04 9.853608996452442037e-01
5.825203369396529888e+04 1.007925818939036322e+00
5.880436404245026642e+04 9.867547901194430038e-01
5.941670237353887205e+04 1.006739699285885692e+00
6.007529752831098449e+04 9.834699303765244149e-01
6.075702663266231684e+04 1.018615867833174038e+00
6.142486235041209147e+04 1.001428370135220902e+00
6.194343756343315181e+04 1.000039549641799752e+00
6.237281473912996444e+04 9.900396303936518372e-01
6.264878502128443506e+04 1.008961276392823292e+00
6.285155224746542808e+04 1.004615734337441335e+00
6.307164977071369503e+04 9.962171717240647650e-01
6.336423601974170742e+04 9.971504876271924944e-01
6.380754040735087619e+04 1.003365114146027359e+00
6.437791232712893543e+04 9.928554705495314936e-01
6.502409655043735256e+04 1.014162211851763251e+00
6.572400572013269993e+04 1.006894314110606814e+00
6.646950604680529796e+04 9.900851738543114955e-01
6.724916050024461583e+04 1.016150950260565233e+00
6.804723707498899603e+04 1.009569035225525990e+00
6.884650940307913697e+04 1.003627907282986120e+00
6.962793762858390983e+04 9.967010684730196468e-01
7.036857521181418269e+04 9.970546004327330847e-01
7.093487879379247897e+04 9.974094822514907310e-01
7.139852934009843739e+04 1.011474908953280405e+00
7.167343612884843606e+04 1.023582530488519771e+00
7.178004421736566292e+04 1.003983723306253628e+00
7.199326039440011664e+04 9.990104383618951811e-01
7.219497243303779396e+04 1.010750563602516916e+00
7.256488167792274908e+04 1.008655009311238970e+00
7.312738152619935863e+04 9.911214359517326322e-01
7.379610786838237254e+04 9.983599667529706734e-01
7.451546197903528810e+04 1.001898216594812485e+00
7.526719710532543832e+04 9.935110767277683941e-01
7.603635577282523445e+04 1.011507846671175992e+00
7.680483326782444783e+04 1.029909586472901761e+00
7.755721737020870205e+04 9.986284542718731894e-01
7.828225760504161008e+04 1.006923072059153101e+00
7.897039970951010764e+04 9.842026767528032627e-01
7.961154278266103938e+04 9.853467975023942893e-01
8.011871270676572749e+04 1.000325796632719255e+00
8.055762655990950589e+04 1.016128552001551721e+00
8.088446889643798932e+04 1.005716219465223604e+00
8.102949875128279382e+04 9.979865394171167914e-01
8.121569427884134348e+04 9.938714856048054269e-01
8.139125746001167863e+04 9.988978745576080343e-01
8.166016762525372906e+04 1.011624200356870507e+00
8.207834310940103023e+04 1.018281164039417375e+00
8.260047360475383175e+04 9.986112385870528074e-01
8.316226880997560511e+04 9.867673870588040685e-01
8.364759716512890009e+04 9.832257302830753609e-01
8.405013321665630792e+04 9.925193937051011162e-01
8.432754009987431346e+04 9.862561828995919377e-01
8.449311452716418717e+04 9.959320706532470702e-01
8.471550872025516583e+04 9.954157792305398100e-01
8.497751725369274209e+04 1.012315704960825569e+00
8.536474079180647095e+04 9.930574542744313726e-01
8.587405439968001156e+04 1.004899389264042986e+00
8.645939303038601065e+04 1.005819878727806316e+00
8.709597522793541430e+04 9.885785715345801750e-01
8.777592500391535577e+04 1.007868204094599873e+00
8.849026058966209530e+04 1.000070742999386253e+00
8.922554985701816622e+04 9.960705198772974445e-01
8.996730289072328014e+04 9.955444560945150290e-01
9.070194600179756526e+04 9.953152180265740778e-01
9.141705030205953517e+04 1.000590328717561261e+00
9.210131215503461135e+04 1.003419159539467920e+00
9.274440739298550761e+04 1.005339839959082937e+00
9.327345574292447418e+04 1.007786786798004375e+00
9.379602295139724447e+04 9.983075359784499003e-01
9.414877787513850490e+04 1.001487445997433223e+00
9.437987402610103891e+04 9.965558992154386342e-01
9.445746507805852161e+04 1.003522983462157070e+00
9.461264718197347247e+04 9.887887192036335371e-01
9.478117153606793727e+04 1.004398481171010049e+00
9.509601583313761512e+04 1.004361059018902935e+00
9.517652771953771298e+04 1.021147781457458992e+00
9.533755149233789416e+04 9.949691785058736304e-01
9.553705003756040242e+04 1.021348775862748859e+00
9.584052840412866499e+04 9.883956665162711985e-01
9.627680337556975428e+04 1.011951479091244943e+00
9.680479298279903014e+04 1.004092303557381660e+00
9.739093508713666233e+04 1.015616128437438093e+00
9.802894624721651780e+04 1.000325355053984566e+00
9.871896132048935397e+04 9.922902419149446374e-01
9.935948066024467698e+04 1.004803532999405169e+00
1.000000000000000000e+05 9.928804486761733106e-01
