# t  Nu
0.000000000000000000e+00 9.976047733988994137e-01
1.000000000000000378e-06 1.013993669956035015e+00
2.000000000000000333e-06 9.970980506931366172e-01
3.000000000000000076e-06 9.964590516159739231e-01
3.999999999999999819e-06 1.000443646162075373e+00
6.000000000000000152e-06 1.004208523831181754e+00
9.999999999999999124e-06 1.000958925679698019e+00
1.799999999999999707e-05 9.835649175934634281e-01
3.399999999999999973e-05 9.938304243398449200e-01
6.600000000000000506e-05 9.947427958624374122e-01
1.300000000000000157e-04 1.016733519949219122e+00
2.579999999999999828e-04 9.936479914262880131e-01
5.139999999999999170e-04 1.008104488390761055e+00
1.026000000000000002e-03 9.957840481859288051e-01
2.049999999999999739e-03 1.008460600156105613e+00
4.097999999999999213e-03 1.001871976909933570e+00
8.193999999999999895e-03 1.006306609462211510e+00
1.638599999999999779e-02 9.946906471298555541e-01
3.276999999999999358e-02 1.022580944603400432e+00
6.553799999999998516e-02 1.010364727406259711e+00
1.310739999999999683e-01 9.884060677548083262e-01
2.621459999999999901e-01 1.005631216905032099e+00
5.242899999999999228e-01 1.018716932837838707e+00
1.048578000000000010e+00 9.973508159601350842e-01
2.097153999999999741e+00 1.026179963536145934e+00
4.194305999999999202e+00 1.117671622958230193e+00
8.220118501275418765e+00 1.464737563625353900e+00
1.215443610351035453e+01 2.430196486919083299e+00
1.573567229422044988e+01 7.867408379690963294e+00
1.916745995441958783e+01 -6.837146239195043051e+00
2.240745735967300334e+01 -2.472061122627168483e+00
2.547302102519626388e+01 -1.594279060361331268e+00
2.840736711616159837e+01 -1.158975059941787400e+00
3.120761133293706280e+01 -9.343784849547880356e-01
3.305396055843532110e+01 -8.525390114596111957e-01
3.388789689793170368e+01 -8.022993541727847511e-01
3.646758940273016947e+01 -7.339291298818213516e-01
3.895765792798110283e+01 -6.561179331249337165e-01
4.137166950830642520e+01 -5.957286121465805717e-01
4.371686458710462375e+01 -5.486389379651706033e-01
4.599035690560396716e+01 -5.270768312970989244e-01
4.820730825776654882e+01 -4.910142159481852286e-01
5.037746874254951024e+01 -4.669973243018456510e-01
5.251391988760452989e+01 -4.515804178885347020e-01
5.267485050000561841e+01 -4.454196903199812430e-01
5.461978484939277934e+01 -4.332215667254306624e-01
5.669657333302925650e+01 -4.096136973772978029e-01
5.875440108152634622e+01 -4.034591911023264754e-01
6.080050705638724651e+01 -3.921374057145772252e-01
6.283967390270315434e+01 -3.789094375391013902e-01
6.487688153047746198e+01 -3.725387350051163615e-01
6.691933866387866203e+01 -3.599535689342888145e-01
6.808167490297256563e+01 -3.570774067408451491e-01
6.896819184201653741e+01 -3.586852511344402750e-01
7.103667311363120973e+01 -3.474170792556827703e-01
7.309780046137329634e+01 -3.406173545364499233e-01
7.521404449703700834e+01 -3.395294310058667997e-01
7.731294038669787483e+01 -3.244196137023728221e-01
7.941891549440065035e+01 -3.306753816426362125e-01
8.157476011142001937e+01 -3.204298424665670275e-01
8.368422019411134727e+01 -3.272079894420572010e-01
8.565419328960388157e+01 -3.234810599401031217e-01
8.768849206017335973e+01 -3.232624890088156566e-01
8.975285133543945904e+01 -3.160324465781254033e-01
9.178360910267288375e+01 -3.237289526197111855e-01
9.374837646337175556e+01 -3.212702151321626398e-01
9.563350236705502994e+01 -3.190585742790345014e-01
9.748937335019111572e+01 -3.235969786260802783e-01
9.934822247794417649e+01 -3.227822502190784149e-01
1.012172456789789834e+02 -3.181807237284861034e-01
1.031056902461972697e+02 -3.273078522069199914e-01
1.049936262219106737e+02 -3.212852202881846253e-01
1.068996467758392726e+02 -3.269383665206136991e-01
1.088144794741995582e+02 -3.261939029759617359e-01
1.107308232533103620e+02 -3.303237017163982991e-01
1.126706621956593608e+02 -3.269108601686951943e-01
1.146387699755044451e+02 -3.290904041029235061e-01
1.166009326670643844e+02 -3.271826812818876551e-01
1.185873985644736166e+02 -3.325431555999123212e-01
1.206116198946326818e+02 -3.384107231459951848e-01
1.226785724702983487e+02 -3.386909702695735103e-01
1.247587808485743324e+02 -3.312259309279483310e-01
1.268770561336723262e+02 -3.293811263390878930e-01
1.290322311056793581e+02 -3.369799645973184377e-01
1.312380712122885313e+02 -3.284274572948753801e-01
1.335087422568885813e+02 -3.246252955215934710e-01
1.358144703610484214e+02 -3.311639802832204160e-01
1.381829088710794906e+02 -3.242883490118647072e-01
1.406280833419548628e+02 -3.208114855234934226e-01
1.431353440780234507e+02 -3.136702842046174555e-01
1.457052338058057614e+02 -3.183061638637271207e-01
1.483389052739956639e+02 -3.084559828424370265e-01
1.510609830930178532e+02 -3.039790731109853761e-01
1.538681954317220573e+02 -2.996872252467221998e-01
1.567370731845430782e+02 -2.957788318757181290e-01
1.597166673660303502e+02 -2.854844465192247216e-01
1.627923204173920624e+02 -2.800176158255140435e-01
1.631654289270253742e+02 -2.806257307507038501e-01
1.659559128718097725e+02 -2.724714226125543592e-01
1.692554325593800399e+02 -2.632835126910371137e-01
1.726889949876047581e+02 -2.629180597258737317e-01
1.762281017015418172e+02 -2.519250878398563986e-01
1.798923303382971142e+02 -2.429854657595804657e-01
1.836906206546160263e+02 -2.364694634283709962e-01
1.876072802220597566e+02 -2.271827250863810710e-01
1.916852378700461941e+02 -2.197860506449581808e-01
1.959225860864743822e+02 -2.117292268030359359e-01
2.002339862214435584e+02 -2.041113665108870434e-01
2.047273178846873236e+02 -1.946104986096330314e-01
2.093390332250539814e+02 -1.882441673465721221e-01
2.140824707025612952e+02 -1.765396221448587433e-01
2.151535672443768590e+02 -1.794677803941429062e-01
2.189303380541300896e+02 -1.727082651749861364e-01
2.239190670709753874e+02 -1.654356250800865513e-01
2.289356592214942339e+02 -1.565904817947313954e-01
2.340479522589322414e+02 -1.518225757224982431e-01
2.391889977401106080e+02 -1.460228907561287037e-01
2.443698890854114154e+02 -1.386511823150244627e-01
2.498242622310716570e+02 -1.328894804664904061e-01
2.554605847082848413e+02 -1.275429376912714796e-01
2.612511206870990463e+02 -1.217904831931850007e-01
2.672085028956852284e+02 -1.161694307512286944e-01
2.732270524621746972e+02 -1.098857671421493987e-01
2.793963280267927303e+02 -1.034934106498202194e-01
2.855874933042201747e+02 -1.002453531413545346e-01
2.919397072102490824e+02 -9.619807082490194894e-02
2.987524926199576498e+02 -9.078326598106802037e-02
3.059798657258007779e+02 -8.661972286622163231e-02
3.133420729348843565e+02 -7.928000795566636505e-02
3.204215613222459069e+02 -7.813266194296693279e-02
3.279280329943326819e+02 -7.376347986786521704e-02
3.358759816193635288e+02 -7.117571003102009242e-02
3.438498790784448715e+02 -6.852958246627238736e-02
3.518911689463600396e+02 -6.450247845856717233e-02
3.597951712617119142e+02 -6.072464965326535707e-02
3.673896885428664518e+02 -5.838463256531754159e-02
3.745008744206448341e+02 -5.736508172492967711e-02
3.824821848657672945e+02 -5.394261651691320547e-02
3.902164112891820764e+02 -5.149855690029016275e-02
3.990343866673390494e+02 -4.989163760898042421e-02
4.084074266717123578e+02 -4.652198003711233154e-02
4.124106316308656801e+02 -4.518443272968777208e-02
4.176699298205340938e+02 -4.449596663186302509e-02
4.266500841934431492e+02 -4.277363741898457250e-02
4.353042131652938451e+02 -4.036446668415444305e-02
4.436566497403012477e+02 -3.897325751704189961e-02
4.518540611602877561e+02 -3.692097070304611178e-02
4.601244334659269839e+02 -3.609929253022862994e-02
4.687706695245742594e+02 -3.417259376748844890e-02
4.781421738101230403e+02 -3.320739406742725941e-02
4.884705565837862196e+02 -3.132338899459634340e-02
4.975188423560961724e+02 -2.990449257595878887e-02
4.997349487315213992e+02 -3.027298925507283453e-02
5.066570808181632515e+02 -2.860508162703473412e-02
5.113454933588382687e+02 -2.898248544167067453e-02
5.229313491542201291e+02 -2.715477569803684960e-02
5.342394547287947262e+02 -2.633820331145711111e-02
5.452747813525114680e+02 -2.471933128100505320e-02
5.562403296247510980e+02 -2.386181529091512335e-02
5.673671759024307448e+02 -2.267503336906119202e-02
5.789624021919710231e+02 -2.186401467676016633e-02
5.913198582261217098e+02 -2.074719073149674034e-02
6.005503795172095352e+02 -1.996511807872783373e-02
6.046022518031087429e+02 -1.980563533703275786e-02
6.186466803840910416e+02 -1.879152107958319967e-02
6.333582376400336216e+02 -1.821679940209358292e-02
6.436215771001076291e+02 -1.761925480303730765e-02
6.483737288216943853e+02 -1.705744280748507438e-02
6.634087539327035756e+02 -1.607127995288994138e-02
6.783654513487155100e+02 -1.543973609612580081e-02
6.931007672350357325e+02 -1.483458736713133205e-02
7.078124984954459933e+02 -1.393753424620761648e-02
7.224286832796476574e+02 -1.347455069356695047e-02
7.371097207247046299e+02 -1.262846273095817769e-02
7.529880606349720438e+02 -1.239300996731377419e-02
7.701565234506821298e+02 -1.182528348076975801e-02
7.881809989772245899e+02 -1.110247268184103714e-02
7.969510118158840442e+02 -1.101533195485221960e-02
8.082554873854811603e+02 -1.064068216263906394e-02
8.285997399678690272e+02 -1.007664696483780153e-02
8.458669877724115622e+02 -9.649526764593237965e-03
8.478555666014055987e+02 -9.526689138795918846e-03
8.656832872955211542e+02 -8.985762661095710729e-03
8.832749526150619204e+02 -8.744625313315752477e-03
8.997975837557265777e+02 -8.441593455171085558e-03
9.010285397790780735e+02 -8.506218080794561431e-03
9.189002562279589483e+02 -8.052495005623862279e-03
9.374540345781570068e+02 -7.739558977278489585e-03
9.575683545806488155e+02 -7.356889358096441525e-03
9.783191870811618855e+02 -7.088406811085146315e-03
1.000000000000000000e+03 -6.678936776853748765e-03
