# t  Nu
0.000000000000000000e+00 9.990955017886867795e-01
1.000000000000000167e-06 1.015146695064481630e+00
2.000000000000000333e-06 1.005066253973576407e+00
3.000000000000000076e-06 9.962956584880209299e-01
3.999999999999999819e-06 9.746013682147846025e-01
6.000000000000000152e-06 9.964663238939641676e-01
9.999999999999999124e-06 1.001600639364010892e+00
1.799999999999999707e-05 1.004729729424170159e+00
3.399999999999999973e-05 9.870138636272803856e-01
6.600000000000000506e-05 9.835676284000813840e-01
2.579999999999999828e-04 1.005754140706329292e+00
5.139999999999999170e-04 9.983488023741143857e-01
2.049999999999999739e-03 9.853072328640553046e-01
3.156561123374231406e-03 1.009285340246140361e+00
5.544629872486236608e-03 1.006396145880083193e+00
6.917043992517543302e-03 9.898017845176640961e-01
8.452270285275507652e-03 1.014210529182651310e+00
1.018414774606453063e-02 9.926358859575379334e-01
1.213549221883202661e-02 9.879061961947303017e-01
1.433078734212825736e-02 1.003982790667901748e+00
1.679608384345734548e-02 9.914330203794996521e-01
1.955797487889962896e-02 9.999303159292394216e-01
2.610590169801307175e-02 9.972176819872832221e-01
2.995980585278109135e-02 9.934495324212236911e-01
3.424866935136379464e-02 9.866288080430423157e-01
3.900737333040355664e-02 1.005092299112491538e+00
4.428088744765505680e-02 9.906158387846466518e-01
5.655006913130447566e-02 9.960212351165435019e-01
6.363678628725015496e-02 9.930571038880875445e-01
7.142190401955836321e-02 1.000369061410281590e+00
7.994660361183790476e-02 1.007406284280230935e+00
8.925732560852435438e-02 1.000421815227399369e+00
1.104582115837120376e-01 9.958644671118855873e-01
1.225019357987974511e-01 9.962672113664077234e-01
1.356566169894053708e-01 9.833101599464707521e-01
1.500233115004474260e-01 1.007617907877283114e+00
1.656700617294190325e-01 9.843964993120273288e-01
1.826507049543134309e-01 1.004871805390837203e+00
2.010085465742832145e-01 1.003640327137814037e+00
2.421940469785269778e-01 9.935163747262298894e-01
2.655012645597352727e-01 1.008595483394132852e+00
2.912990644856063849e-01 1.002525107637453949e+00
3.204405335369894803e-01 1.020990787726318461e+00
3.535658141086210904e-01 9.993634757549721970e-01
3.911086766152438443e-01 9.892441072180223616e-01
4.335495813251901143e-01 9.793823820362782540e-01
5.355368476925986831e-01 9.869197586471465389e-01
5.965921608795713427e-01 9.896736217411448155e-01
6.655765297238465106e-01 1.001796795113123251e+00
7.435718176325439854e-01 1.003525766346342163e+00
8.318069823780085414e-01 9.891063430994552208e-01
9.316771266163084153e-01 9.789145739471427632e-01
1.044766900027279233e+00 1.001831344511824096e+00
1.172876526799834451e+00 9.944997856591772933e-01
1.318049369024447470e+00 1.009018079884303587e+00
1.482599786599215985e+00 1.005211738073940264e+00
1.669136850687965579e+00 9.889272446801679051e-01
1.880573140586851100e+00 9.827844977905753066e-01
2.120104311482658321e+00 9.846365280902699135e-01
2.391158431421334551e+00 9.560010042471542846e-01
2.697353462784552125e+00 9.908944730655856459e-01
3.042540417670620112e+00 9.738001910252593873e-01
3.430977581005640431e+00 9.894832732581942958e-01
3.867527044507767187e+00 9.673769031593387746e-01
4.357525585612351371e+00 9.595472578073637182e-01
4.905747989864558178e+00 9.521548304829394738e-01
5.513964155315854931e+00 9.399683403738562371e-01
6.178019780714052445e+00 9.186913355401382653e-01
6.887997179600742648e+00 9.431095261769109062e-01
7.633151606723060922e+00 9.037105966918210775e-01
8.406683264984145865e+00 8.880622250441051468e-01
9.206443542457060758e+00 8.884030080880209734e-01
1.003340560666997483e+01 8.648758941338551276e-01
1.089018422073563563e+01 8.676809445251820740e-01
1.178015610538643543e+01 8.398511866932375503e-01
1.270710235841105984e+01 8.115670338502861680e-01
1.367518126884398377e+01 7.992927846982162965e-01
1.468904571055598574e+01 7.788767472595644614e-01
1.575400456313430553e+01 7.766223015594336809e-01
1.687619934152781553e+01 7.384179604576952549e-01
1.932225374385906491e+01 7.241313122843170413e-01
2.066457207749419211e+01 6.965451998498791708e-01
2.210175464061169492e+01 6.801221600968573311e-01
2.364832277660538296e+01 6.574676324623086598e-01
2.532206200801507379e+01 6.443597843375574730e-01
2.714504843396733591e+01 6.248885974671134491e-01
2.914509903810475322e+01 6.041845444840701074e-01
3.135786687376349491e+01 5.865693239635160205e-01
3.382994519246068421e+01 5.667753522679567224e-01
3.662360069406397400e+01 5.476952499491010151e-01
3.982423379705743827e+01 5.427090666407734521e-01
4.355259811273307946e+01 5.217993913705574194e-01
5.339490047851740684e+01 5.007861285194284973e-01
6.021875746483131309e+01 5.007475912932979334e-01
6.921754272238193550e+01 4.983235988357173629e-01
8.183530713827641989e+01 4.988971818949315407e-01
1.011953615524724768e+02 5.314304683590882483e-01
1.355501556283205389e+02 5.774159230638711282e-01
2.042597437800166631e+02 6.619541081059021614e-01
3.042597437800166631e+02 7.477584101940640826e-01
4.042597437800166631e+02 7.970211419735788727e-01
5.042597437800166631e+02 8.277654738210070695e-01
6.042597437800166063e+02 8.630169324694033639e-01
7.042597437800166063e+02 8.634757782457319619e-01
8.042597437800166063e+02 8.893781417323036731e-01
9.042597437800166063e+02 9.079466185424540647e-01
1.004259743780016606e+03 9.134625063525810829e-01
1.104259743780016606e+03 9.223818672293271348e-01
1.204259743780016606e+03 9.092290287305445640e-01
1.304259743780016606e+03 9.102756259345048395e-01
1.404259743780016606e+03 9.521407424817702747e-01
1.504259743780016606e+03 9.394411147583690003e-01
1.604259743780016606e+03 9.445167207542557453e-01
1.704259743780016606e+03 9.437850267121237202e-01
1.804259743780016606e+03 9.443237120688773301e-01
1.904259743780016606e+03 9.559780586926507340e-01
2.004259743780016606e+03 9.421421091430401962e-01
2.104259743780016834e+03 9.437528106695984853e-01
2.204259743780016834e+03 9.543898581146261773e-01
2.304259743780016834e+03 9.557069810036835644e-01
2.404259743780016834e+03 9.622652693867813634e-01
2.504259743780016834e+03 9.603068571002730813e-01
2.604259743780016834e+03 9.603206056266290203e-01
2.704259743780016834e+03 9.578584011127305731e-01
2.804259743780016834e+03 9.487325141173788001e-01
2.904259743780016834e+03 9.608837596143523507e-01
3.004259743780016834e+03 9.845814286861775955e-01
3.104259743780016834e+03 9.697462576743772766e-01
3.204259743780016834e+03 9.756102648883298034e-01
3.304259743780016834e+03 9.751490930318944539e-01
3.404259743780016834e+03 9.723671497656397600e-01
3.504259743780016834e+03 9.976428280611967514e-01
3.604259743780016834e+03 9.650847261511787956e-01
3.704259743780016834e+03 9.670944725241314988e-01
3.804259743780016834e+03 9.971242681949777920e-01
3.904259743780016834e+03 9.628715959717832895e-01
4.004259743780016834e+03 9.771341323745230678e-01
4.104259743780016834e+03 9.774807112171195467e-01
4.204259743780016834e+03 9.769935965028457847e-01
4.304259743780016834e+03 9.724312961404439903e-01
4.404259743780016834e+03 9.662001847125120113e-01
4.504259743780016834e+03 9.844249361723522718e-01
4.604259743780016834e+03 9.918614092910094104e-01
4.704259743780016834e+03 9.670539382651630600e-01
4.804259743780016834e+03 9.795349575683988119e-01
4.904259743780016834e+03 9.692886161826990143e-01
5.104259743780016834e+03 9.894310495781404313e-01
5.304259743780016834e+03 9.787733421213467011e-01
5.404259743780016834e+03 9.782653725234774500e-01
5.604259743780016834e+03 9.792881312982865127e-01
5.704259743780016834e+03 9.915992069596318848e-01
5.804259743780016834e+03 9.875913553939158485e-01
5.904259743780016834e+03 9.912443916611397565e-01
6.104259743780016834e+03 9.931358655875771602e-01
6.304259743780016834e+03 9.952343440527836593e-01
6.404259743780016834e+03 1.001647946583436477e+00
6.504259743780016834e+03 9.724848841646769326e-01
6.604259743780016834e+03 9.776075534175450166e-01
6.704259743780016834e+03 9.793867073826564296e-01
6.804259743780016834e+03 9.814755821734081342e-01
6.904259743780016834e+03 9.876610201017080870e-01
7.004259743780016834e+03 9.830059267210862206e-01
7.104259743780016834e+03 9.885939755568143861e-01
7.204259743780016834e+03 9.838115743772699595e-01
7.304259743780016834e+03 9.851833759119924538e-01
7.404259743780016834e+03 9.888963792202962733e-01
7.504259743780016834e+03 9.919657318828044579e-01
7.604259743780016834e+03 1.000763703125587600e+00
7.704259743780016834e+03 9.860618859242329393e-01
7.804259743780016834e+03 9.814877239898137651e-01
7.904259743780016834e+03 9.934521382442941251e-01
8.004259743780016834e+03 9.921877227943243227e-01
8.104259743780016834e+03 9.950363060877940313e-01
8.204259743780017743e+03 9.817733864151371170e-01
8.304259743780017743e+03 9.899876089805651480e-01
8.404259743780017743e+03 9.807521383741457655e-01
8.504259743780017743e+03 9.814071034250827497e-01
8.604259743780017743e+03 9.948067424595575803e-01
8.704259743780017743e+03 1.000528465928273159e+00
8.804259743780017743e+03 9.768137128288494342e-01
8.904259743780017743e+03 9.909311639557772944e-01
9.004259743780017743e+03 9.854552457411515087e-01
9.104259743780017743e+03 1.007503766038862825e+00
9.204259743780017743e+03 9.915788725038715556e-01
9.304259743780017743e+03 1.000291637193435612e+00
9.404259743780017743e+03 9.959905144043578185e-01
9.504259743780017743e+03 9.888832285496576002e-01
9.704259743780017743e+03 9.650515490113038553e-01
9.804259743780017743e+03 1.006111711168603762e+00
1.000425974378001774e+04 9.989937357887874736e-01
1.020425974378001774e+04 9.908839351120258820e-01
1.040425974378001774e+04 9.766824699734387716e-01
1.050425974378001774e+04 1.000465696147035066e+00
1.070425974378001774e+04 1.001660874104142618e+00
1.080425974378001774e+04 9.741232639652618319e-01
1.090425974378001774e+04 9.892836129573453485e-01
1.100425974378001774e+04 9.796486664583982096e-01
1.110425974378001774e+04 9.852020582651939140e-01
1.120425974378001774e+04 9.716312729363665301e-01
1.130425974378001774e+04 9.823111097085520660e-01
1.140425974378001774e+04 9.884269930878941679e-01
1.150425974378001774e+04 1.001376128712267777e+00
1.160425974378001774e+04 9.872371853552794896e-01
1.170425974378001774e+04 9.769609005829257287e-01
1.180425974378001774e+04 9.932171212971560026e-01
1.190425974378001774e+04 9.926340754783160580e-01
1.200425974378001774e+04 9.914651215343650570e-01
1.210425974378001774e+04 1.003624856623718253e+00
1.240425974378001774e+04 9.923843099987452732e-01
1.250425974378001774e+04 1.006955565457612112e+00
1.270425974378001774e+04 9.906188740207962917e-01
1.280425974378001774e+04 9.969664833488767197e-01
1.290425974378001774e+04 9.978395220168991830e-01
1.300425974378001774e+04 9.970556544675082122e-01
1.310425974378001774e+04 9.975225293396484672e-01
1.320425974378001774e+04 1.001973564290015162e+00
1.340425974378001774e+04 9.888656277991049182e-01
1.350425974378001774e+04 9.846619898914199531e-01
1.360425974378001774e+04 9.831776977229382819e-01
1.370425974378001774e+04 9.867731676778480621e-01
1.380425974378001774e+04 9.823571824184503809e-01
1.400425974378001774e+04 1.004603367810081860e+00
1.410425974378001774e+04 9.886226065162952992e-01
1.420425974378001774e+04 9.653719037072749920e-01
1.440425974378001774e+04 9.990625991388674132e-01
1.450425974378001774e+04 9.829404802302681432e-01
1.460425974378001774e+04 1.009331732437023010e+00
1.470425974378001774e+04 9.971127808851684149e-01
1.480425974378001774e+04 9.946396799240296849e-01
1.500425974378001774e+04 1.000444154886189985e+00
1.510425974378001774e+04 9.912406027185756141e-01
1.520425974378001774e+04 9.846330484632981328e-01
1.530425974378001774e+04 9.965694850120173642e-01
1.540425974378001774e+04 9.885030026378553991e-01
1.550425974378001774e+04 9.792156353828435078e-01
1.560425974378001774e+04 1.001338845906095676e+00
1.570425974378001774e+04 9.879918713412559894e-01
1.580425974378001774e+04 1.008502385844333604e+00
1.590425974378001774e+04 9.892779801792389582e-01
1.600425974378001774e+04 9.988274904863189141e-01
1.610425974378001774e+04 9.943686129813003038e-01
1.620425974378001774e+04 1.011667576960863402e+00
1.630425974378001774e+04 1.007958056991790752e+00
1.640425974378001774e+04 9.931307829719659974e-01
1.650425974378001774e+04 1.005283011262461335e+00
1.660425974378001774e+04 9.991699581666010355e-01
1.670425974378001774e+04 9.898346166751431641e-01
1.680425974378001774e+04 9.790128192536025065e-01
1.690425974378001774e+04 9.955729208875762071e-01
1.700425974378001774e+04 9.931500819880660913e-01
1.710425974378001774e+04 9.922060370310834543e-01
1.720425974378001774e+04 1.008687059165642053e+00
1.730425974378001774e+04 9.978570389747114522e-01
1.740425974378001774e+04 9.912472538832958202e-01
1.750425974378001774e+04 9.984610816117167609e-01
1.770425974378001774e+04 9.905631421115870250e-01
1.780425974378001774e+04 9.937703236359584080e-01
1.800425974378001774e+04 9.891502353668955028e-01
1.810425974378001774e+04 1.019997846575660505e+00
1.830425974378001774e+04 9.960695358242132036e-01
1.840425974378001774e+04 1.001967287007486940e+00
1.850425974378001774e+04 9.895839810248169277e-01
1.860425974378001774e+04 9.863935587486548640e-01
1.870425974378001774e+04 9.837690002893806351e-01
1.890425974378001774e+04 1.005268687120135063e+00
1.910425974378001774e+04 9.840512087213141301e-01
1.920425974378001774e+04 1.002899612257082795e+00
1.930425974378001774e+04 9.900594641808717622e-01
1.940425974378001774e+04 9.966777059399705152e-01
1.950425974378001774e+04 9.942697099899572288e-01
1.960425974378001774e+04 9.892882681455327232e-01
1.970425974378001774e+04 1.005560138644884915e+00
1.980425974378001774e+04 9.655464157489950239e-01
1.990425974378001774e+04 9.875318964785694265e-01
2.000425974378001774e+04 1.009473238944879503e+00
2.020425974378001774e+04 9.924485183847348013e-01
2.030425974378001774e+04 1.009429947957229068e+00
2.060425974378001774e+04 9.913977966923402940e-01
2.070425974378001774e+04 9.867506099248332108e-01
2.080425974378001774e+04 9.865615761779188420e-01
2.090425974378001774e+04 9.954262149084880384e-01
2.100425974378001774e+04 9.965650628672373390e-01
2.110425974378001774e+04 9.874005848670535102e-01
2.120425974378001774e+04 1.004207438997330781e+00
2.130425974378001774e+04 1.004393850006810140e+00
2.140425974378001774e+04 1.014515598391064533e+00
2.150425974378001774e+04 1.013126166207800605e+00
2.160425974378001774e+04 1.007471474097676900e+00
2.170425974378001774e+04 1.000792048004658152e+00
2.180425974378001774e+04 9.965854795966718749e-01
2.190425974378001774e+04 9.872431290638725709e-01
2.200425974378001774e+04 9.813141348584232260e-01
2.210425974378001774e+04 9.931652811019631155e-01
2.220425974378001774e+04 9.888696048711117514e-01
2.240425974378001774e+04 1.005725410267136910e+00
2.250425974378001774e+04 9.938174801024478588e-01
2.260425974378001774e+04 9.969873636456196841e-01
2.270425974378001774e+04 1.004811508881339854e+00
2.290425974378001774e+04 9.927638754599925619e-01
2.300425974378001774e+04 9.815933895069414161e-01
2.310425974378001774e+04 9.961605646590009355e-01
2.320425974378001774e+04 9.866666878202180468e-01
2.330425974378001774e+04 9.956474891479950573e-01
2.340425974378001774e+04 9.998122863706730978e-01
2.350425974378001774e+04 1.020040129305412879e+00
2.360425974378001774e+04 9.987580001653061368e-01
2.390425974378001774e+04 1.002806431672880638e+00
2.410425974378001774e+04 9.933361885709401928e-01
2.420425974378001774e+04 1.000637419617539825e+00
2.430425974378001774e+04 1.006221956653720051e+00
2.440425974378001774e+04 9.961688317252198610e-01
2.450425974378001774e+04 9.878811215720733063e-01
2.460425974378001774e+04 9.777344098654915383e-01
2.470425974378001774e+04 9.927244147160375620e-01
2.480425974378001774e+04 9.976158504162671026e-01
2.490425974378001774e+04 9.961758645034788362e-01
2.510425974378001774e+04 1.005550000677107647e+00
2.540425974378001774e+04 1.005316622306851926e+00
2.550425974378001774e+04 1.001704662284931047e+00
2.560425974378001774e+04 9.937021536906132102e-01
2.570425974378001774e+04 9.984054265286563812e-01
2.580425974378001774e+04 9.991650965968426057e-01
2.600425974378001774e+04 9.961903022581282130e-01
2.610425974378001774e+04 9.983307568772655793e-01
2.620425974378001774e+04 9.891723204111797507e-01
2.630425974378001774e+04 9.819816979397125722e-01
2.640425974378001774e+04 9.932345100559270001e-01
2.650425974378001774e+04 1.003768828277601610e+00
2.660425974378001774e+04 1.007245057030481616e+00
2.670425974378001774e+04 9.947183149461764629e-01
2.690425974378001774e+04 9.899326498121836515e-01
2.700425974378001774e+04 9.864048723136968899e-01
2.710425974378001774e+04 9.978500806313510552e-01
2.720425974378001774e+04 9.963516893401866970e-01
2.730425974378001774e+04 9.992623337753757662e-01
2.740425974378001774e+04 9.838325433273077403e-01
2.750425974378001774e+04 9.872099315616879034e-01
2.760425974378001774e+04 9.900493201334109594e-01
2.780425974378001774e+04 9.946730454806672617e-01
2.810425974378001774e+04 1.005532475231422751e+00
2.820425974378001774e+04 1.012355574838639249e+00
2.830425974378001774e+04 1.006424756330201564e+00
2.840425974378001774e+04 1.000319899540793145e+00
2.850425974378001774e+04 1.002488905780300588e+00
2.860425974378001774e+04 9.904421911591906325e-01
2.870425974378001774e+04 1.001514719163492995e+00
2.880425974378001774e+04 1.005169633221556280e+00
2.890425974378001774e+04 9.934044428781916292e-01
2.900425974378001774e+04 9.808447446578170137e-01
2.910425974378001774e+04 1.000257942403559586e+00
2.930425974378001774e+04 9.937626500149689956e-01
2.950425974378001774e+04 9.923455590895000622e-01
2.960425974378001774e+04 9.964180533540663021e-01
2.970425974378001774e+04 9.937067611492836905e-01
2.980425974378001774e+04 9.800781960191311537e-01
2.990425974378001774e+04 9.843468608075895965e-01
3.010425974378001774e+04 9.928569235478093002e-01
3.020425974378001774e+04 1.002134724627985252e+00
3.030425974378001774e+04 1.000435181100126858e+00
3.040425974378001774e+04 9.978572361089683707e-01
3.050425974378001774e+04 1.014494191247824695e+00
3.060425974378001774e+04 9.826207886763300703e-01
3.070425974378001774e+04 1.004798760023818183e+00
3.080425974378001774e+04 9.925789665746710400e-01
3.090425974378001774e+04 9.657114551875599640e-01
3.110425974378001774e+04 9.812295529579679876e-01
3.120425974378001774e+04 1.010210970090168914e+00
3.140425974378001774e+04 1.008426111425612559e+00
3.150425974378001774e+04 9.891797209475088337e-01
3.160425974378001774e+04 9.677073309513700705e-01
3.170425974378001774e+04 1.007975412627851286e+00
3.180425974378001774e+04 1.000719894126773868e+00
3.190425974378001774e+04 9.915314866862631193e-01
3.210425974378001774e+04 9.991007773306851414e-01
3.220425974378001774e+04 9.973434852886048363e-01
3.230425974378001774e+04 9.833568921298495580e-01
3.240425974378001774e+04 1.010662777586839978e+00
3.250425974378001774e+04 9.984599833124465640e-01
3.260425974378001774e+04 9.959640344791224065e-01
3.270425974378001774e+04 9.935963934217297844e-01
3.280425974378001411e+04 1.000783618301186673e+00
3.290425974378001411e+04 9.951961023083283342e-01
3.300425974378001411e+04 9.913309787224615643e-01
3.320425974378001411e+04 9.991719244346769502e-01
3.330425974378001411e+04 1.004070769826148624e+00
3.340425974378001411e+04 9.906551274139472341e-01
3.370425974378001411e+04 1.004995243620037115e+00
3.380425974378001411e+04 9.976519091432621833e-01
3.390425974378001411e+04 1.007714220321692666e+00
3.400425974378001411e+04 9.955635147375043736e-01
3.410425974378001411e+04 1.006626530140473763e+00
3.420425974378001411e+04 9.954272936651015202e-01
3.430425974378001411e+04 9.938771933779663170e-01
3.440425974378001411e+04 9.958457673373987129e-01
3.450425974378001411e+04 9.989040602681271697e-01
3.460425974378001411e+04 1.003114683133130347e+00
3.470425974378001411e+04 9.839420759604345923e-01
3.490425974378001411e+04 1.012504733560225301e+00
3.500425974378001411e+04 9.866344461879633654e-01
3.510425974378001411e+04 9.895579216147257773e-01
3.520425974378001411e+04 9.917455056105202171e-01
3.530425974378001411e+04 9.860555076210437697e-01
3.540425974378001411e+04 9.976004789393451144e-01
3.550425974378001411e+04 9.953005343447154374e-01
3.560425974378001411e+04 1.003186667536125398e+00
3.570425974378001411e+04 9.862183156216244306e-01
3.580425974378001411e+04 9.915844227307120118e-01
3.590425974378001411e+04 9.878957635103403634e-01
3.610425974378001411e+04 1.008761554738057065e+00
3.620425974378001411e+04 9.984259504440753386e-01
3.640425974378001411e+04 9.981793978317472504e-01
3.650425974378001411e+04 1.015261470997460336e+00
3.670425974378001411e+04 1.004118720605937876e+00
3.690425974378001411e+04 9.679063718862960242e-01
3.700425974378001411e+04 9.929980634555111152e-01
3.710425974378001411e+04 9.867315522378514725e-01
3.720425974378001411e+04 9.964225725039109749e-01
3.730425974378001411e+04 9.867800302578484395e-01
3.740425974378001411e+04 1.000559507754175348e+00
3.750425974378001411e+04 9.918118156366232396e-01
3.760425974378001411e+04 9.809962875457441944e-01
3.770425974378001411e+04 9.943899425804841874e-01
3.780425974378001411e+04 9.796155971377148441e-01
3.790425974378001411e+04 1.012229019197019797e+00
3.800425974378001411e+04 9.978110691392503284e-01
3.810425974378001411e+04 9.930232671046206328e-01
3.820425974378001411e+04 1.007031048395526485e+00
3.830425974378001411e+04 1.006628050537401675e+00
3.840425974378001411e+04 1.004891431670116297e+00
3.850425974378001411e+04 1.001234275985536826e+00
3.860425974378001411e+04 9.925780347149026905e-01
3.870425974378001411e+04 1.002400125882515036e+00
3.880425974378001411e+04 1.005800040850794996e+00
3.890425974378001411e+04 9.954662222354390133e-01
3.900425974378001411e+04 9.814683907287292675e-01
3.910425974378001411e+04 9.855841064128324502e-01
3.920425974378001411e+04 9.926421268660312602e-01
3.930425974378001411e+04 9.914996482057334415e-01
3.940425974378001411e+04 1.021730028424623349e+00
3.950425974378001411e+04 1.014264582423713978e+00
3.960425974378001411e+04 9.976683514401398778e-01
3.970425974378001411e+04 9.996249046794786208e-01
3.980425974378001411e+04 1.011342176787892511e+00
3.990425974378001411e+04 9.849088147029178009e-01
4.010425974378001411e+04 9.884042806347592691e-01
4.020425974378001411e+04 1.002299395809100435e+00
4.050425974378001411e+04 1.003573717861392822e+00
4.060425974378001411e+04 9.915165356840996980e-01
4.070425974378001411e+04 1.006543607674464269e+00
4.080425974378001411e+04 9.909152788618251773e-01
4.090425974378001411e+04 9.972110180505211474e-01
4.100425974378001411e+04 9.934578881125952776e-01
4.110425974378001411e+04 9.919006747705187976e-01
4.120425974378001411e+04 1.002121894190157958e+00
4.130425974378001411e+04 1.006141861634702428e+00
4.140425974378001411e+04 9.863897387298302677e-01
4.150425974378001411e+04 1.003669350215779854e+00
4.160425974378001411e+04 9.944684345959293736e-01
4.170425974378001411e+04 1.000904542330147251e+00
4.190425974378001411e+04 9.880345863197118605e-01
4.200425974378001411e+04 9.924605505505110781e-01
4.210425974378001411e+04 1.019524324411294369e+00
4.230425974378001411e+04 9.999207836606255340e-01
4.250425974378001411e+04 1.002606514286019435e+00
4.260425974378001411e+04 1.007582744869135016e+00
4.270425974378001411e+04 9.848685494079909564e-01
4.280425974378001411e+04 9.987903869957758252e-01
4.290425974378001411e+04 9.889677142412764965e-01
4.300425974378001411e+04 1.017071163456369165e+00
4.320425974378001411e+04 9.867809492191939036e-01
4.330425974378001411e+04 9.916382300544104300e-01
4.340425974378001411e+04 1.004022845205314152e+00
4.350425974378001411e+04 1.007011246156959583e+00
4.360425974378001411e+04 1.007374766559162138e+00
4.370425974378001411e+04 9.920345732570363673e-01
4.380425974378001411e+04 9.941344389490018862e-01
4.390425974378001411e+04 1.006830383865483292e+00
4.400425974378001411e+04 1.004672742481804937e+00
4.410425974378001411e+04 9.840848032278256552e-01
4.430425974378001411e+04 1.000241782455172812e+00
4.440425974378001411e+04 9.927317985317360982e-01
4.470425974378001411e+04 9.888469387380230957e-01
4.480425974378001411e+04 1.007353199095696761e+00
4.490425974378001411e+04 1.000483390631218494e+00
4.500425974378001411e+04 9.866783828269856116e-01
4.520425974378001411e+04 1.001843009355499747e+00
4.530425974378001411e+04 9.953045506756970084e-01
4.540425974378001411e+04 9.898726207226492546e-01
4.550425974378001411e+04 9.980081570692429516e-01
4.560425974378001411e+04 1.006119464748729042e+00
4.580425974378001411e+04 1.009550845518444540e+00
4.590425974378001411e+04 9.956002560780672361e-01
4.600425974378001411e+04 9.880204061650392777e-01
4.610425974378001411e+04 1.004065414955177316e+00
4.620425974378001411e+04 1.003922536692290812e+00
4.630425974378001411e+04 1.010480577040549166e+00
4.640425974378001411e+04 9.976759759067478361e-01
4.650425974378001411e+04 1.005603197144976813e+00
4.660425974378001411e+04 9.902604781540822465e-01
4.670425974378001411e+04 9.988311542412995347e-01
4.690425974378001411e+04 9.887283041006132978e-01
4.700425974378001411e+04 1.000765707688271222e+00
4.710425974378001411e+04 1.000630680644970960e+00
4.730425974378001411e+04 9.994718721957551733e-01
4.740425974378001411e+04 9.874739284241934589e-01
4.750425974378001411e+04 1.000617070655652530e+00
4.760425974378001411e+04 9.896313072416755841e-01
4.770425974378001411e+04 9.911378018216885355e-01
4.780425974378001411e+04 1.014543262368879262e+00
4.790425974378001411e+04 9.959375834830904717e-01
4.800425974378001411e+04 1.006014702117215442e+00
4.820425974378001411e+04 1.010788739100623834e+00
4.830425974378001411e+04 1.002035108115967743e+00
4.850425974378001411e+04 1.001907504678246186e+00
4.870425974378001411e+04 9.896056479739121503e-01
4.880425974378001411e+04 1.011173243853283443e+00
4.890425974378001411e+04 9.965872666724100437e-01
4.900425974378001411e+04 9.926030689035514332e-01
4.920425974378001411e+04 1.010582694495116174e+00
4.950425974378001411e+04 9.880601046323929104e-01
4.960425974378001411e+04 1.001719431309062935e+00
4.970425974378001411e+04 1.005058656710527298e+00
4.990425974378001411e+04 1.006921139455230207e+00
5.010425974378001411e+04 1.002213262271181238e+00
5.020425974378001411e+04 9.904574157193694051e-01
5.030425974378001411e+04 9.955211059372511828e-01
5.040425974378001411e+04 9.876748551132299436e-01
5.050425974378001411e+04 9.972607664898676116e-01
5.060425974378001411e+04 1.011962782878218503e+00
5.070425974378001411e+04 9.823091046300984619e-01
5.080425974378001411e+04 1.002497174449513251e+00
5.090425974378001411e+04 9.956864501527368239e-01
5.100425974378001411e+04 9.948280383997196719e-01
5.110425974378001411e+04 9.960873887746762856e-01
5.120425974378001411e+04 1.011708208344447524e+00
5.130425974378001411e+04 9.947987069242482105e-01
5.140425974378001411e+04 9.826618789470594750e-01
5.150425974378001411e+04 9.916849821829805123e-01
5.160425974378001411e+04 9.901805191933311656e-01
5.170425974378001411e+04 9.943388452234701580e-01
5.180425974378001411e+04 9.916497430232795729e-01
5.190425974378001411e+04 1.002975007570201971e+00
5.200425974378001411e+04 9.934185376198811923e-01
5.210425974378001411e+04 1.001721066129806159e+00
5.230425974378001411e+04 9.937441233908274052e-01
5.240425974378001411e+04 9.922208076702644375e-01
5.250425974378001411e+04 1.016041543183044515e+00
5.260425974378001411e+04 9.971731251158558740e-01
5.270425974378001411e+04 1.016323995920384693e+00
5.280425974378001411e+04 1.002709953432068257e+00
5.300425974378001411e+04 1.001756077359952979e+00
5.310425974378001411e+04 1.005442678731375938e+00
5.320425974378001411e+04 9.900245086024527241e-01
5.330425974378001411e+04 1.005733701780139100e+00
5.340425974378001411e+04 1.000889404903072322e+00
5.350425974378001411e+04 9.980498733924150212e-01
5.370425974378001411e+04 9.888467936548892556e-01
5.380425974378001411e+04 1.009139872246570757e+00
5.390425974378001411e+04 9.717808142282234884e-01
5.400425974378001411e+04 9.968840409303385552e-01
5.420425974378001411e+04 9.891342623896377528e-01
5.430425974378001411e+04 9.952733167420766414e-01
5.440425974378001411e+04 9.983599707402697199e-01
5.450425974378001411e+04 1.011982955245096738e+00
5.460425974378001411e+04 1.008993026413690597e+00
5.470425974378001411e+04 9.968081153576893172e-01
5.490425974378001411e+04 1.002746872351522489e+00
5.510425974378001411e+04 9.751061969549335018e-01
5.520425974378001411e+04 9.929945421775725478e-01
5.530425974378001411e+04 1.014558339460156500e+00
5.540425974378001411e+04 9.864265444371526081e-01
5.550425974378001411e+04 9.922133525439104096e-01
5.560425974378001411e+04 9.895481164707052857e-01
5.570425974378001411e+04 1.001449815954807088e+00
5.580425974378001411e+04 1.007614517089606254e+00
5.590425974378001411e+04 9.933060701025999695e-01
5.610425974378001411e+04 1.011072614132296543e+00
5.620425974378001411e+04 9.886992132087820684e-01
5.630425974378001411e+04 1.018265129737981001e+00
5.640425974378001411e+04 9.948215206986790182e-01
5.650425974378001411e+04 9.958955978371792916e-01
5.660425974378001411e+04 9.947057585333831664e-01
5.670425974378001411e+04 9.802560100372343932e-01
5.680425974378001411e+04 1.005193291797688238e+00
5.690425974378001411e+04 9.912717316687209568e-01
5.700425974378001411e+04 1.001730813836972489e+00
5.710425974378001411e+04 9.820998766270720992e-01
5.740425974378001411e+04 9.912507735317687141e-01
5.760425974378001411e+04 9.900698771933180709e-01
5.770425974378001411e+04 1.001905081536486275e+00
5.780425974378001411e+04 9.986761287175304203e-01
5.790425974378001411e+04 1.004287513212434257e+00
5.800425974378001411e+04 9.988614147321682735e-01
5.810425974378001411e+04 1.015750530214404979e+00
5.820425974378001411e+04 9.873492962456260624e-01
5.830425974378001411e+04 9.986435537906430682e-01
5.840425974378001411e+04 9.990696551954157956e-01
5.850425974378001411e+04 9.914075675406427424e-01
5.860425974378001411e+04 1.009427160110363264e+00
5.870425974378001411e+04 9.891027830300489487e-01
5.880425974378001411e+04 1.000204755745047747e+00
5.890425974378001411e+04 1.012750457458988729e+00
5.900425974378001411e+04 9.918084296533637989e-01
5.920425974378001411e+04 9.915400980710613599e-01
5.930425974378001411e+04 9.845243121824851507e-01
5.940425974378001411e+04 9.923203077586992826e-01
5.950425974378001411e+04 9.940337063934769901e-01
5.960425974378001411e+04 1.010397124853838369e+00
5.970425974378001411e+04 9.906900844020054553e-01
5.990425974378001411e+04 9.940043980351014330e-01
6.000425974378001411e+04 1.004111736354507123e+00
6.010425974378001411e+04 1.005915115073202637e+00
6.020425974378001411e+04 9.940656769067630627e-01
6.030425974378001411e+04 9.875254002744860982e-01
6.040425974378001411e+04 1.008257230521838244e+00
6.060425974378001411e+04 1.009627112951413830e+00
6.080425974378001411e+04 9.984916042152309767e-01
6.090425974378001411e+04 9.918352997371066015e-01
6.100425974378001411e+04 9.915367641645274066e-01
6.110425974378001411e+04 1.001280220806739063e+00
6.130425974378001411e+04 9.948363883497938209e-01
6.140425974378001411e+04 9.924830083502227396e-01
6.160425974378001411e+04 1.007612666290641723e+00
6.170425974378001411e+04 9.957494879007059430e-01
6.180425974378001411e+04 1.012062236685429939e+00
6.190425974378001411e+04 9.832687387432736958e-01
6.200425974378001411e+04 9.757725428886693253e-01
6.210425974378001411e+04 1.012317770096811786e+00
6.220425974378001411e+04 9.911296313544598613e-01
6.230425974378001411e+04 9.933810669223480661e-01
6.240425974378001411e+04 1.005601002961857615e+00
6.250425974378001411e+04 9.962257801471415819e-01
6.260425974378001411e+04 1.003230117511355157e+00
6.270425974378001411e+04 9.833854384094569134e-01
6.280425974378001411e+04 1.013780844783375379e+00
6.290425974378001411e+04 9.962797181189805285e-01
6.300425974378001411e+04 1.005046412102839959e+00
6.310425974378001411e+04 1.000365563792817714e+00
6.320425974378001411e+04 9.987908161646134042e-01
6.330425974378001411e+04 9.969919132125200090e-01
6.340425974378001411e+04 1.007497753231348714e+00
6.350425974378001411e+04 9.854978205147951753e-01
6.360425974378001411e+04 1.002250950335118462e+00
6.370425974378001411e+04 9.874953381285994647e-01
6.380425974378001411e+04 1.011554881075051870e+00
6.390425974378001411e+04 9.936353528210907227e-01
6.400425974378001411e+04 1.007558376307528203e+00
6.420425974378001411e+04 9.844817904103236872e-01
6.440425974378001411e+04 9.883715986762320327e-01
6.450425974378001411e+04 1.003837162315472042e+00
6.460425974378001411e+04 9.881305979867823774e-01
6.490425974378001411e+04 1.009811873923524450e+00
6.500425974378001411e+04 1.008184790297728783e+00
6.520425974378001411e+04 9.986597894862422331e-01
6.530425974378001411e+04 1.003729804654219349e+00
6.550425974378001411e+04 9.878971418727504616e-01
6.570425974378001411e+04 1.009381227379107626e+00
6.580425974378001411e+04 9.852240081849726883e-01
6.590425974378001411e+04 9.960210939810382191e-01
6.600425974378001411e+04 9.854007041330454797e-01
6.610425974378001411e+04 1.002909432268825896e+00
6.620425974378001411e+04 1.002277025711619141e+00
6.630425974378001411e+04 9.912068045455713072e-01
6.660425974378001411e+04 1.007873902898875240e+00
6.670425974378001411e+04 9.903294085922462742e-01
6.680425974378001411e+04 1.009892658469945026e+00
6.690425974378001411e+04 1.002843324531219160e+00
6.700425974378001411e+04 1.000202260835730828e+00
6.710425974378001411e+04 1.003487578426841553e+00
6.730425974378001411e+04 1.000194915293822318e+00
6.740425974378001411e+04 9.983753342074940251e-01
6.750425974378001411e+04 1.010652160852035575e+00
6.760425974378001411e+04 9.809772241317561425e-01
6.770425974378001411e+04 9.915846277624358329e-01
6.780425974378001411e+04 9.981708048929474053e-01
6.790425974378001411e+04 1.000286143248162007e+00
6.800425974378001411e+04 9.988567905694382132e-01
6.810425974378001411e+04 9.855269066768406194e-01
6.830425974378001411e+04 9.959663346174517651e-01
6.840425974378001411e+04 1.017196977852892203e+00
6.860425974378001411e+04 1.000652456001398960e+00
6.870425974378001411e+04 9.932260562394565895e-01
6.880425974378001411e+04 1.003225550736271510e+00
6.890425974378001411e+04 9.938530166487810069e-01
6.900425974378001411e+04 1.008867012444285116e+00
6.910425974378001411e+04 9.824273935029357308e-01
6.940425974378001411e+04 1.008895388264177573e+00
6.950425974378001411e+04 9.987188499279423537e-01
6.960425974378001411e+04 1.001856454164659738e+00
6.970425974378001411e+04 1.001092081627435348e+00
6.980425974378001411e+04 1.007965893213293551e+00
6.990425974378001411e+04 9.914498652776676524e-01
7.000425974378001411e+04 9.995750591064892498e-01
7.010425974378001411e+04 1.002881102859994655e+00
7.020425974378001411e+04 9.969701360683380642e-01
7.030425974378001411e+04 9.974881685915002461e-01
7.040425974378001411e+04 1.000255186806257912e+00
7.050425974378001411e+04 1.008037965130130775e+00
7.060425974378001411e+04 9.840267396711745995e-01
7.070425974378001411e+04 1.009641741477623755e+00
7.080425974378001411e+04 9.880565594714114663e-01
7.090425974378001411e+04 1.003139282575196134e+00
7.100425974378001411e+04 1.019493228447028610e+00
7.110425974378001411e+04 1.001343331458801167e+00
7.120425974378001411e+04 1.000783171150541273e+00
7.130425974378001411e+04 9.946190152493261660e-01
7.140425974378001411e+04 1.008331519457231984e+00
7.150425974378001411e+04 9.889525065167652507e-01
7.160425974378001411e+04 9.988620978711715281e-01
7.170425974378001411e+04 1.002882685833076604e+00
7.180425974378001411e+04 1.006055767064207185e+00
7.200425974378001411e+04 1.010937894624727162e+00
7.210425974378001411e+04 9.924388841697897590e-01
7.220425974378001411e+04 1.015657429990903582e+00
7.230425974378001411e+04 9.962236586863000287e-01
7.240425974378001411e+04 9.986726801889641569e-01
7.250425974378001411e+04 9.978140765603112916e-01
7.270425974378001411e+04 9.925967627241332192e-01
7.280425974378001411e+04 9.954948351089314418e-01
7.300425974378001411e+04 1.005397952506154713e+00
7.310425974378001411e+04 9.952463651439720227e-01
7.320425974378001411e+04 1.002824920676753884e+00
7.330425974378001411e+04 1.002979561442875145e+00
7.340425974378001411e+04 1.001164488320086754e+00
7.350425974378001411e+04 9.973887152773610598e-01
7.360425974378001411e+04 9.936562808024678173e-01
7.370425974378001411e+04 9.921936456518353209e-01
7.390425974378001411e+04 9.997754354420347322e-01
7.400425974378001411e+04 1.010036922346761346e+00
7.420425974378001411e+04 9.940955150297869913e-01
7.430425974378001411e+04 9.837688212470054872e-01
7.440425974378001411e+04 1.009315553953522571e+00
7.450425974378001411e+04 1.002935540963531214e+00
7.460425974378001411e+04 9.955752282639598327e-01
7.470425974378001411e+04 1.005791457850091719e+00
7.480425974378001411e+04 1.008431995721924768e+00
7.490425974378001411e+04 1.008599063886916891e+00
7.500425974378001411e+04 9.912850845398132327e-01
7.510425974378001411e+04 1.005786613997311729e+00
7.520425974378001411e+04 1.007628086415857105e+00
7.530425974378001411e+04 9.885568601523654353e-01
7.540425974378001411e+04 1.002184395414930984e+00
7.550425974378001411e+04 1.002097834943497467e+00
7.560425974378001411e+04 9.905506581804438548e-01
7.570425974378001411e+04 9.962776773351758042e-01
7.580425974378001411e+04 9.894552686618869330e-01
7.590425974378001411e+04 9.949608714542754750e-01
7.600425974378001411e+04 1.004020386980176482e+00
7.620425974378001411e+04 1.000009450784521192e+00
7.630425974378001411e+04 1.015089993616159036e+00
7.640425974378001411e+04 9.982079625425740455e-01
7.650425974378001411e+04 9.933117532667115057e-01
7.660425974378001411e+04 1.001047868355084969e+00
7.670425974378001411e+04 9.964024428465474426e-01
7.680425974378001411e+04 9.992029853097673664e-01
7.690425974378001411e+04 1.007528613311878374e+00
7.700425974378001411e+04 1.005718099721743197e+00
7.710425974378001411e+04 9.966786180221950397e-01
7.720425974378001411e+04 9.831604690530302282e-01
7.740425974378001411e+04 9.927285131530919626e-01
7.760425974378001411e+04 1.008804911926498127e+00
7.770425974378001411e+04 9.802994571481434827e-01
7.780425974378001411e+04 9.939752282235418956e-01
7.790425974378001411e+04 1.003697097459849585e+00
7.800425974378001411e+04 1.005110001556652977e+00
7.810425974378001411e+04 1.000127622497890334e+00
7.820425974378001411e+04 9.957918933467356792e-01
7.830425974378001411e+04 9.872938435149968273e-01
7.840425974378001411e+04 1.005941685401194885e+00
7.850425974378001411e+04 1.009791908228282242e+00
7.860425974378001411e+04 9.961313623672375384e-01
7.880425974378001411e+04 1.016564664332201495e+00
7.890425974378001411e+04 1.000326352514859352e+00
7.900425974378001411e+04 9.899838223183987651e-01
7.910425974378001411e+04 9.923838743748811808e-01
7.920425974378001411e+04 9.961016354531772032e-01
7.930425974378001411e+04 1.012074013961919761e+00
7.940425974378001411e+04 9.880048814594111217e-01
7.950425974378001411e+04 9.966689149201256592e-01
7.960425974378001411e+04 9.883163941316166490e-01
7.970425974378001411e+04 1.007219120904176091e+00
7.980425974378001411e+04 9.912145304694031100e-01
7.990425974378001411e+04 9.997328169307129198e-01
8.000425974378001411e+04 9.983462659517228222e-01
8.020425974378001411e+04 9.920249994564983576e-01
8.030425974378001411e+04 9.952592755127810387e-01
8.050425974378001411e+04 1.002461708654195149e+00
8.060425974378001411e+04 9.882097093488957373e-01
8.070425974378001411e+04 9.966449680759686958e-01
8.090425974378001411e+04 1.001402745066500399e+00
8.100425974378001411e+04 1.003436785372860518e+00
8.110425974378001411e+04 9.946861210981721158e-01
8.120425974378001411e+04 1.003978513584852239e+00
8.130425974378001411e+04 1.003822747471388555e+00
8.140425974378001411e+04 1.010350103944033684e+00
8.150425974378001411e+04 1.000936726261326681e+00
8.160425974378001411e+04 1.002105989579955114e+00
8.180425974378001411e+04 1.008407818842520509e+00
8.190425974378001411e+04 1.005601030631778192e+00
8.200425974378001411e+04 1.007666366561243310e+00
8.210425974378001411e+04 1.025802534503506225e+00
8.220425974378001411e+04 1.008567993892246051e+00
8.230425974378001411e+04 9.940748208472398595e-01
8.240425974378001411e+04 1.006134587654414103e+00
8.250425974378001411e+04 1.017231489945047640e+00
8.260425974378001411e+04 1.007912822882273352e+00
8.270425974378001411e+04 1.004653601659160067e+00
8.280425974378001411e+04 1.010419975783940716e+00
8.290425974378001411e+04 9.902389847067928352e-01
8.300425974378001411e+04 9.916499265891437487e-01
8.310425974378001411e+04 9.997278842415154854e-01
8.320425974378001411e+04 9.917636987814077987e-01
8.340425974378001411e+04 1.002758666932360043e+00
8.350425974378001411e+04 1.016823512704182697e+00
8.360425974378001411e+04 9.660191290700469446e-01
8.370425974378001411e+04 9.921426846950494038e-01
8.380425974378001411e+04 1.004664099565615976e+00
8.390425974378001411e+04 1.002480991575513292e+00
8.400425974378001411e+04 9.898759583713285792e-01
8.410425974378001411e+04 1.014894938792981316e+00
8.420425974378001411e+04 9.942987248199370853e-01
8.440425974378001411e+04 1.000778477910733599e+00
8.450425974378001411e+04 9.975294826688635430e-01
8.460425974378001411e+04 1.017243788306650742e+00
8.480425974378001411e+04 9.915029986900701919e-01
8.490425974378001411e+04 9.829436253919077160e-01
8.500425974378001411e+04 1.011651362445461722e+00
8.520425974378001411e+04 1.010939000467796500e+00
8.530425974378001411e+04 9.872934285936170173e-01
8.540425974378001411e+04 9.837050304118776234e-01
8.550425974378001411e+04 9.977436324112788357e-01
8.560425974378001411e+04 1.010452062406043572e+00
8.570425974378001411e+04 9.934591887751074157e-01
8.580425974378001411e+04 1.010028596947686097e+00
8.590425974378001411e+04 9.965032719972077846e-01
8.600425974378001411e+04 1.003504934865160569e+00
8.610425974378001411e+04 9.935869755007703530e-01
8.620425974378001411e+04 1.010162976955777392e+00
8.630425974378001411e+04 1.000101684487636033e+00
8.640425974378001411e+04 9.948242863985570228e-01
8.650425974378001411e+04 1.002460337230284715e+00
8.660425974378001411e+04 1.008446793628841931e+00
8.670425974378001411e+04 1.004062028599249645e+00
8.700425974378001411e+04 9.950767823434597537e-01
8.710425974378001411e+04 1.010390975947031089e+00
8.720425974378001411e+04 1.011989313809484203e+00
8.730425974378001411e+04 9.946949797113847636e-01
8.740425974378001411e+04 1.006453684454769348e+00
8.750425974378001411e+04 1.006193982841979251e+00
8.760425974378001411e+04 1.010441715708920052e+00
8.780425974378001411e+04 1.011209558675574272e+00
8.800425974378001411e+04 9.920759354848617262e-01
8.820425974378001411e+04 9.959264799176513749e-01
8.830425974378001411e+04 9.990102253497522566e-01
8.840425974378001411e+04 1.005870624621355347e+00
8.850425974378001411e+04 9.996001385829879071e-01
8.860425974378001411e+04 1.004870304896956279e+00
8.870425974378001411e+04 1.008987771000403155e+00
8.880425974378001411e+04 9.954645438093253640e-01
8.900425974378001411e+04 9.991281883998747171e-01
8.910425974378001411e+04 1.001778079005922306e+00
8.920425974378001411e+04 1.004694481207901946e+00
8.930425974378001411e+04 9.776077947156679437e-01
8.940425974378001411e+04 9.852239405874166911e-01
8.950425974378001411e+04 9.911833752525920360e-01
8.960425974378001411e+04 9.882502578906554591e-01
8.970425974378001411e+04 9.970295328700342630e-01
8.980425974378001411e+04 1.000538368000682743e+00
9.000425974378001411e+04 9.911427358550634059e-01
9.010425974378001411e+04 9.993607178708949768e-01
9.030425974378001411e+04 9.998849635920411538e-01
9.040425974378001411e+04 9.832005612684654450e-01
9.050425974378001411e+04 1.000479937410964082e+00
9.060425974378001411e+04 9.936333089300963817e-01
9.070425974378001411e+04 9.812575280415439805e-01
9.080425974378001411e+04 1.022452781811327149e+00
9.120425974378001411e+04 1.002213869769851717e+00
9.130425974378001411e+04 9.997285140008147497e-01
9.140425974378001411e+04 1.009122989059560549e+00
9.150425974378001411e+04 9.994930341087812087e-01
9.160425974378001411e+04 1.000416161912874857e+00
9.170425974378001411e+04 9.907681762470966769e-01
9.180425974378001411e+04 9.934529560824957306e-01
9.190425974378001411e+04 9.989747806041996414e-01
9.210425974378001411e+04 9.909898854459757711e-01
9.230425974378001411e+04 9.908681676011031891e-01
9.240425974378001411e+04 9.844437886121436554e-01
9.250425974378001411e+04 9.888868363123201055e-01
9.260425974378001411e+04 1.001355715453399631e+00
9.270425974378001411e+04 9.833613923118090794e-01
9.280425974378001411e+04 9.867337328982732636e-01
9.290425974378001411e+04 9.852088308744600953e-01
9.300425974378001411e+04 9.986544691134250362e-01
9.310425974378001411e+04 1.015096161738851421e+00
9.320425974378001411e+04 9.986335426073046362e-01
9.330425974378001411e+04 1.015993967424172251e+00
9.340425974378001411e+04 9.846653320599073611e-01
9.350425974378001411e+04 9.914191643057065351e-01
9.360425974378001411e+04 9.950595856069985867e-01
9.370425974378001411e+04 9.991371568484335164e-01
9.380425974378001411e+04 1.001796520962800585e+00
9.390425974378001411e+04 9.895905228764655392e-01
9.400425974378001411e+04 9.947454785858163007e-01
9.410425974378001411e+04 9.959214517431552727e-01
9.420425974378001411e+04 9.953157206167971838e-01
9.430425974378001411e+04 9.963118372416843727e-01
9.440425974378001411e+04 1.001193209694828390e+00
9.450425974378001411e+04 1.016722305556485573e+00
9.460425974378001411e+04 9.947898553432067414e-01
9.480425974378001411e+04 9.982940978015965028e-01
9.490425974378001411e+04 1.002941298531505376e+00
9.520425974378001411e+04 9.947964050248551127e-01
9.530425974378001411e+04 9.868742569748565341e-01
9.540425974378001411e+04 9.968487630730210602e-01
9.570425974378001411e+04 9.976433185362516554e-01
9.580425974378001411e+04 9.857750709358863439e-01
9.590425974378001411e+04 9.956404521009158959e-01
9.600425974378001411e+04 9.962428942471541760e-01
9.610425974378001411e+04 9.904669391315750193e-01
9.620425974378001411e+04 1.007082838675485315e+00
9.630425974378001411e+04 1.003949843048262069e+00
9.650425974378001411e+04 1.006505785045895829e+00
9.660425974378001411e+04 9.888449658964227895e-01
9.670425974378001411e+04 1.008454435619900336e+00
9.680425974378001411e+04 9.998077770010298515e-01
9.690425974378001411e+04 1.023309827968956975e+00
9.710425974378001411e+04 1.008610942131286992e+00
9.730425974378001411e+04 1.008335754300011322e+00
9.740425974378001411e+04 9.943078871738354474e-01
9.750425974378001411e+04 1.011343367830708884e+00
9.760425974378001411e+04 9.863202370502329730e-01
9.770425974378001411e+04 1.009732449888333994e+00
9.780425974378001411e+04 1.005090378365414372e+00
9.790425974378001411e+04 1.009330980222257645e+00
9.800425974378001411e+04 9.980782002850491219e-01
9.810425974378001411e+04 1.001916406765409384e+00
9.820425974378001411e+04 1.008266942808133670e+00
9.830425974378001411e+04 9.964397860171718690e-01
9.850425974378001411e+04 1.001476031136749434e+00
9.860425974378001411e+04 9.811804585458592243e-01
9.870425974378001411e+04 1.002369257604587283e+00
9.880425974378001411e+04 9.883460854187463562e-01
9.890425974378001411e+04 9.883275353745496483e-01
9.900425974378001411e+04 1.006499433892013906e+00
9.910425974378001411e+04 9.991514332179771696e-01
9.920425974378001411e+04 1.008500662748933019e+00
9.940425974378001411e+04 9.897647342753503885e-01
9.950425974378001411e+04 1.002238739265024936e+00
9.970425974378001411e+04 9.929943666728261453e-01
9.980425974378001411e+04 9.898826812273390230e-01
9.990212987189000705e+04 1.006781666495780492e+00
1.000000000000000000e+05 9.963540054300961124e-01
