# t  Nu
0.000000e+00 1.004036666435732750e+00
0.000000e+00 9.995029617714976666e-01
1.000000e-06 1.017708183559057789e+00
2.000000e-06 1.007707352830857994e+00
3.000000e-06 9.739621933256280562e-01
4.000000e-06 9.896955328747100156e-01
6.000000e-06 9.948915117518415396e-01
1.000000e-05 9.924637133510869624e-01
1.800000e-05 1.006997621038205670e+00
3.400000e-05 9.914638811019326203e-01
6.600000e-05 1.003084443801393499e+00
1.300000e-04 1.002232724593390412e+00
2.580000e-04 9.959998551331022965e-01
5.140000e-04 1.011705716430555180e+00
1.000000e-03 1.012783697368799585e+00
